
--- exp_g3 k=16 j=17 : T [K] vs i (columns i=48..58) ---
   cycle      dt        48        49        50        51        52        53        54        55        56        57        58
  138770  11.167      1184     208.3       200       200       200       200       200       200       200       200       200
  138771  11.156      1009     565.6       200       200       200       200       200       200       200       200       200
  138772  11.154      1024     773.7       200       200       200       200       200       200       200       200       200
  138773  11.151      1052     939.2       200       200       200       200       200       200       200       200       200
  138774  11.133      1097      1097       200       200       200       200       200       200       200       200       200
  138775  11.060      1152      1240       200       200       200       200       200       200       200       200     276.3
  138776  10.289      1211      1368       200       200       200       200       200       200       200       200     701.5
  138777   9.227      1265      1469       200       200       200       200       200       200       200       200      1201
  138778   8.629      1307      1544       200       200       200       200       200       200       200     335.3      1461
  138779   8.515      1335      1601       200       200       200       200       200       200       200     611.7      1554
  138780   8.400      1365      1648       200       200       200       200       200       200       200     944.1      1613
  138781   7.241      1377      1579       452       200       369     488.2       200       200       200      1308      1655
  138782   5.613      1544      1291     536.8       200     594.9     957.8       200       200     343.3      1475      1683
  138783   4.389      1556      1144     500.1     307.8     817.9      1762       200       200     575.3      1541      1701
  138784   3.803      1562      1040     535.7     350.8      1061      1884       200       200     773.3      1576      1713
  138785   3.502      1564     956.5     564.8       389      1388      2016       200       200     944.3      1600      1724
  138786   3.323      1563     886.6     592.5     427.4      1604      2026       200       200      1103      1619      1732
  138787   3.211      1560     826.2     619.7     473.6      1705      1943       200       200      1249      1635      1740
  138788   3.146      1553     772.8     647.1     551.7      1762     398.6       200       200      1364      1648      1747
  138789   3.478      1537     724.9     676.4     624.6      1801       200       200       200      1441      1660      1753
  138790   4.359      1514     676.3     711.2       718      1892       200       200       200      1498      1671      1760
  138791   4.675      1453     679.1     714.1     966.2      2096       200       200       200      1531      1685      1768
  138792   3.697      1387     673.1     747.7      1454      2433       200       200     232.5      1562      1699      1776
  138793   2.809      1331     661.8     793.7      1717      6622       200       200     415.8      1585      1709      1782
  138794   2.158      1427       663     824.9      1555      7453       200       200     634.1      1749      1774      1810
  138795   1.653      1588       667     833.8      1592      7996       200       200     811.7      1863      1821      1832
  138796   1.246      1701     664.9       845      1601      8675       200       200      1028      1962      1857      1849
  138797   0.949      1795     664.4     855.2      1640 1.001e+04       200       200      1293      2083      1887      1865
  138798   0.745      1936     664.4     865.8      1661 1.973e+04       200       200      1692      5547      1939      1893
  138799   0.607      2127     667.7       888      1630 1.535e+04       200       200      1850      7189      2510      2248
  138800   0.526      2246     677.1     959.6      1632 2.826e+04       200       200      2025      7606      6651      5799

--- exp_g3 k=16 j=17 : rho vs i (columns i=48..58) ---
   cycle      dt        48        49        50        51        52        53        54        55        56        57        58
  138770  11.167 9.803e-10 6.962e-10 5.315e-10 3.917e-10 2.496e-10 1.402e-10 6.713e-11 2.538e-11 1.212e-11 9.191e-12 7.200e-12
  138771  11.156 9.446e-10 6.744e-10 5.166e-10 3.808e-10 2.389e-10 1.328e-10 6.263e-11 2.289e-11 1.194e-11 9.194e-12 7.132e-12
  138772  11.154 9.090e-10 6.545e-10 5.028e-10 3.703e-10 2.290e-10 1.257e-10 5.833e-11 2.025e-11 1.176e-11 9.208e-12 7.077e-12
  138773  11.151 8.742e-10 6.364e-10 4.899e-10 3.601e-10 2.194e-10 1.192e-10 5.418e-11 1.798e-11 1.153e-11 9.278e-12 7.038e-12
  138774  11.133 8.419e-10 6.196e-10 4.776e-10 3.499e-10 2.100e-10 1.133e-10 4.913e-11 1.601e-11 1.130e-11 9.411e-12 7.022e-12
  138775  11.060 8.121e-10 6.035e-10 4.658e-10 3.397e-10 2.011e-10 1.076e-10 4.324e-11 1.431e-11 1.107e-11 9.608e-12 7.037e-12
  138776  10.289 7.839e-10 5.888e-10 4.546e-10 3.297e-10 1.927e-10 1.022e-10 3.743e-11 1.268e-11 1.106e-11 9.845e-12 7.086e-12
  138777   9.227 7.587e-10 5.764e-10 4.444e-10 3.205e-10 1.853e-10 9.720e-11 3.194e-11 1.133e-11 1.128e-11 1.012e-11 7.167e-12
  138778   8.629 7.371e-10 5.664e-10 4.354e-10 3.124e-10 1.791e-10 9.143e-11 2.713e-11 1.018e-11 1.161e-11 1.040e-11 7.272e-12
  138779   8.515 7.180e-10 5.578e-10 4.271e-10 3.050e-10 1.733e-10 8.511e-11 2.248e-11 9.266e-12 1.199e-11 1.070e-11 7.400e-12
  138780   8.400 7.004e-10 5.500e-10 4.190e-10 2.978e-10 1.678e-10 7.879e-11 1.773e-11 8.611e-12 1.243e-11 1.104e-11 7.562e-12
  138781   7.241 6.841e-10 5.431e-10 4.113e-10 2.909e-10 1.630e-10 7.134e-11 1.395e-11 8.530e-12 1.292e-11 1.142e-11 7.750e-12
  138782   5.613 6.717e-10 5.371e-10 4.048e-10 2.851e-10 1.588e-10 6.420e-11 1.022e-11 8.821e-12 1.343e-11 1.178e-11 7.937e-12
  138783   4.389 6.636e-10 5.321e-10 4.000e-10 2.807e-10 1.553e-10 5.754e-11 7.626e-12 9.227e-12 1.386e-11 1.207e-11 8.096e-12
  138784   3.803 6.580e-10 5.282e-10 3.965e-10 2.773e-10 1.520e-10 5.165e-11 5.626e-12 9.717e-12 1.423e-11 1.232e-11 8.231e-12
  138785   3.502 6.536e-10 5.247e-10 3.936e-10 2.743e-10 1.491e-10 4.612e-11 4.266e-12 1.023e-11 1.457e-11 1.254e-11 8.355e-12
  138786   3.323 6.499e-10 5.214e-10 3.910e-10 2.715e-10 1.463e-10 4.079e-11 3.316e-12 1.073e-11 1.489e-11 1.275e-11 8.476e-12
  138787   3.211 6.463e-10 5.183e-10 3.887e-10 2.689e-10 1.431e-10 3.563e-11 2.647e-12 1.121e-11 1.521e-11 1.295e-11 8.596e-12
  138788   3.146 6.428e-10 5.152e-10 3.865e-10 2.663e-10 1.396e-10 3.059e-11 2.174e-12 1.169e-11 1.553e-11 1.316e-11 8.717e-12
  138789   3.478 6.394e-10 5.123e-10 3.843e-10 2.638e-10 1.361e-10 2.566e-11 2.161e-12 1.216e-11 1.586e-11 1.336e-11 8.841e-12
  138790   4.359 6.355e-10 5.091e-10 3.818e-10 2.611e-10 1.329e-10 1.957e-11 2.520e-12 1.267e-11 1.624e-11 1.360e-11 8.984e-12
  138791   4.675 6.307e-10 5.052e-10 3.786e-10 2.578e-10 1.280e-10 1.293e-11 3.013e-12 1.333e-11 1.672e-11 1.390e-11 9.173e-12
  138792   3.697 6.256e-10 5.012e-10 3.752e-10 2.543e-10 1.196e-10 8.197e-12 3.658e-12 1.404e-11 1.726e-11 1.425e-11 9.388e-12
  138793   2.809 6.215e-10 4.982e-10 3.725e-10 2.511e-10 1.115e-10 5.617e-12 4.390e-12 1.463e-11 1.770e-11 1.453e-11 9.567e-12
  138794   2.158 6.184e-10 4.961e-10 3.705e-10 2.484e-10 1.052e-10 4.001e-12 5.066e-12 1.508e-11 1.804e-11 1.475e-11 9.708e-12
  138795   1.653 6.160e-10 4.944e-10 3.689e-10 2.463e-10 1.002e-10 2.878e-12 5.672e-12 1.543e-11 1.831e-11 1.492e-11 9.820e-12
  138796   1.246 6.142e-10 4.932e-10 3.677e-10 2.445e-10 9.634e-11 2.066e-12 6.186e-12 1.571e-11 1.852e-11 1.506e-11 9.907e-12
  138797   0.949 6.129e-10 4.923e-10 3.668e-10 2.431e-10 9.346e-11 1.513e-12 6.591e-12 1.591e-11 1.867e-11 1.516e-11 9.974e-12
  138798   0.745 6.119e-10 4.916e-10 3.661e-10 2.424e-10 9.103e-11 1.151e-12 6.906e-12 1.607e-11 1.878e-11 1.525e-11 1.003e-11
  138799   0.607 6.111e-10 4.911e-10 3.655e-10 2.418e-10 8.905e-11 9.118e-13 7.157e-12 1.621e-11 1.883e-11 1.534e-11 1.007e-11
  138800   0.526 6.105e-10 4.907e-10 3.651e-10 2.415e-10 8.719e-11 7.656e-13 7.367e-12 1.632e-11 1.889e-11 1.540e-11 1.010e-11

--- exp_g3 k=16 j=17 : v_r vs i (columns i=48..58) ---
   cycle      dt        48        49        50        51        52        53        54        55        56        57        58
  138770  11.167 -9.56e+05 -9.83e+05 -9.15e+05 -8.62e+05 -8.41e+05 -8.34e+05 -8.66e+05 -9.75e+05 -9.88e+05 -8.08e+05 -7.59e+05
  138771  11.156 -9.56e+05 -9.76e+05 -9.07e+05 -8.58e+05 -8.39e+05 -8.36e+05 -8.85e+05 -1.03e+06 -1.02e+06 -8.17e+05 -7.55e+05
  138772  11.154 -9.56e+05 -9.66e+05 -9.01e+05 -8.54e+05 -8.38e+05 -8.39e+05 -9.14e+05 -1.11e+06 -1.04e+06 -8.17e+05 -7.53e+05
  138773  11.151 -9.55e+05 -9.56e+05 -8.96e+05 -8.51e+05 -8.37e+05 -8.45e+05 -9.54e+05 -1.21e+06 -1.06e+06 -8.08e+05 -7.49e+05
  138774  11.133 -9.54e+05 -9.45e+05 -8.92e+05 -8.49e+05 -8.37e+05 -8.54e+05 -1.02e+06 -1.32e+06 -1.07e+06 -7.92e+05 -7.41e+05
  138775  11.060 -9.54e+05 -9.34e+05 -8.89e+05 -8.47e+05 -8.38e+05 -8.70e+05 -1.12e+06 -1.47e+06 -1.05e+06 -7.77e+05 -7.29e+05
  138776  10.289 -9.54e+05 -9.22e+05 -8.87e+05 -8.47e+05 -8.40e+05 -8.94e+05 -1.24e+06 -1.64e+06 -9.95e+05 -7.61e+05 -7.15e+05
  138777   9.227 -9.52e+05 -9.12e+05 -8.86e+05 -8.47e+05 -8.43e+05 -9.27e+05 -1.40e+06 -1.84e+06 -9.38e+05 -7.43e+05 -6.98e+05
  138778   8.629 -9.48e+05 -9.05e+05 -8.85e+05 -8.47e+05 -8.46e+05 -9.76e+05 -1.58e+06 -1.97e+06 -8.96e+05 -7.19e+05 -6.81e+05
  138779   8.515 -9.44e+05 -8.99e+05 -8.85e+05 -8.48e+05 -8.51e+05 -1.05e+06 -1.78e+06 -2.00e+06 -8.54e+05 -6.96e+05 -6.62e+05
  138780   8.400 -9.39e+05 -8.94e+05 -8.86e+05 -8.50e+05 -8.59e+05 -1.16e+06 -1.99e+06 -1.94e+06 -8.15e+05 -6.69e+05 -6.41e+05
  138781   7.241 -9.33e+05 -8.86e+05 -8.79e+05 -8.48e+05 -8.64e+05 -1.30e+06 -2.33e+06 -1.72e+06 -7.70e+05 -6.45e+05 -6.21e+05
  138782   5.613 -9.26e+05 -8.81e+05 -8.73e+05 -8.47e+05 -8.71e+05 -1.45e+06 -3.04e+06 -1.47e+06 -7.34e+05 -6.24e+05 -6.00e+05
  138783   4.389 -9.20e+05 -8.77e+05 -8.66e+05 -8.49e+05 -8.79e+05 -1.63e+06 -3.91e+06 -1.31e+06 -7.08e+05 -6.07e+05 -5.84e+05
  138784   3.803 -9.16e+05 -8.75e+05 -8.62e+05 -8.51e+05 -8.87e+05 -1.84e+06 -4.53e+06 -1.21e+06 -6.88e+05 -5.93e+05 -5.70e+05
  138785   3.502 -9.13e+05 -8.73e+05 -8.59e+05 -8.53e+05 -8.98e+05 -2.03e+06 -4.93e+06 -1.14e+06 -6.71e+05 -5.81e+05 -5.58e+05
  138786   3.323 -9.10e+05 -8.71e+05 -8.56e+05 -8.55e+05 -9.12e+05 -2.23e+06 -5.20e+06 -1.08e+06 -6.55e+05 -5.70e+05 -5.47e+05
  138787   3.211 -9.08e+05 -8.69e+05 -8.54e+05 -8.57e+05 -9.29e+05 -2.45e+06 -5.38e+06 -1.03e+06 -6.40e+05 -5.59e+05 -5.36e+05
  138788   3.146 -9.05e+05 -8.68e+05 -8.52e+05 -8.59e+05 -9.51e+05 -2.69e+06 -5.49e+06 -9.93e+05 -6.26e+05 -5.48e+05 -5.26e+05
  138789   3.478 -9.03e+05 -8.66e+05 -8.50e+05 -8.61e+05 -9.77e+05 -2.96e+06 -4.81e+06 -9.56e+05 -6.12e+05 -5.38e+05 -5.16e+05
  138790   4.359 -9.01e+05 -8.65e+05 -8.49e+05 -8.64e+05 -1.04e+06 -3.24e+06 -3.94e+06 -9.18e+05 -5.97e+05 -5.26e+05 -5.04e+05
  138791   4.675 -8.97e+05 -8.64e+05 -8.49e+05 -8.67e+05 -1.16e+06 -3.61e+06 -3.15e+06 -8.72e+05 -5.81e+05 -5.11e+05 -4.90e+05
  138792   3.697 -8.94e+05 -8.62e+05 -8.51e+05 -8.71e+05 -1.29e+06 -4.59e+06 -2.47e+06 -8.28e+05 -5.64e+05 -4.94e+05 -4.74e+05
  138793   2.809 -8.92e+05 -8.62e+05 -8.52e+05 -8.80e+05 -1.39e+06 -6.07e+06 -2.00e+06 -7.97e+05 -5.51e+05 -4.82e+05 -4.62e+05
  138794   2.158 -8.91e+05 -8.61e+05 -8.53e+05 -8.91e+05 -1.48e+06 -7.93e+06 -1.76e+06 -7.76e+05 -5.40e+05 -4.72e+05 -4.53e+05
  138795   1.653 -8.89e+05 -8.61e+05 -8.54e+05 -9.02e+05 -1.57e+06 -1.04e+07 -1.63e+06 -7.60e+05 -5.32e+05 -4.64e+05 -4.45e+05
  138796   1.246 -8.88e+05 -8.61e+05 -8.54e+05 -9.11e+05 -1.66e+06 -1.38e+07 -1.55e+06 -7.50e+05 -5.26e+05 -4.58e+05 -4.40e+05
  138797   0.949 -8.87e+05 -8.61e+05 -8.55e+05 -9.21e+05 -1.75e+06 -1.82e+07 -1.50e+06 -7.42e+05 -5.21e+05 -4.54e+05 -4.36e+05
  138798   0.745 -8.85e+05 -8.61e+05 -8.55e+05 -9.33e+05 -1.83e+06 -2.32e+07 -1.47e+06 -7.39e+05 -5.15e+05 -4.50e+05 -4.32e+05
  138799   0.607 -8.84e+05 -8.61e+05 -8.55e+05 -9.45e+05 -1.91e+06 -2.85e+07 -1.45e+06 -7.39e+05 -5.10e+05 -4.46e+05 -4.29e+05
  138800   0.526 -8.83e+05 -8.61e+05 -8.56e+05 -9.58e+05 -1.98e+06 -3.29e+07 -1.43e+06 -7.41e+05 -5.07e+05 -4.40e+05 -4.25e+05

--- exp_g3 k=16 j=17 : rt_de vs i (columns i=48..58) ---
   cycle      dt        48        49        50        51        52        53        54        55        56        57        58
  138770  11.167  1.97e-01  1.92e-01  1.12e-01  7.59e-02  4.86e-02  2.96e-02  1.55e-02  6.24e-03  3.08e-03  2.38e-03 -2.30e-03
  138771  11.156  1.54e-01  3.24e-01  1.07e-01  7.23e-02  4.56e-02  2.75e-02  1.43e-02  5.64e-03  2.97e-03  2.34e-03 -2.43e-03
  138772  11.154  1.26e-01  7.10e-02  1.16e-01  7.53e-02  4.67e-02  2.77e-02  1.40e-02  5.07e-03  3.06e-03  2.43e-03 -2.46e-03
  138773  11.151  9.32e-02  7.57e-02  1.10e-01  7.02e-02  4.33e-02  2.55e-02  1.27e-02  4.39e-03  2.92e-03  2.38e-03 -2.63e-03
  138774  11.133  5.72e-02  7.64e-02  1.11e-01  6.75e-02  4.11e-02  2.42e-02  1.17e-02  3.88e-03  2.83e-03  2.39e-03 -2.78e-03
  138775  11.060  1.11e-02  7.79e-02  1.10e-01  6.43e-02  3.90e-02  2.31e-02  1.02e-02  3.49e-03  2.79e-03  2.46e-03 -5.03e-03
  138776  10.289 -3.64e-02  7.75e-02  1.10e-01  6.19e-02  3.69e-02  2.14e-02  8.51e-03  2.96e-03  2.63e-03  2.11e-03 -1.91e-03
  138777   9.227 -9.22e-02  5.60e-02  1.08e-01  5.77e-02  3.43e-02  2.00e-02  7.17e-03  2.61e-03  2.63e-03 -3.39e-04 -6.16e-03
  138778   8.629 -1.24e-01  5.08e-02  1.02e-01  5.28e-02  3.16e-02  1.85e-02  5.92e-03  2.31e-03  2.68e-03 -6.10e-03 -7.86e-03
  138779   8.515 -1.07e-01  7.03e-02  1.04e-01  5.20e-02  3.04e-02  1.65e-02  4.66e-03  1.96e-03  2.45e-03 -1.77e-03 -8.23e-03
  138780   8.400 -1.38e-01  6.99e-02  1.05e-01  5.16e-02  3.00e-02  1.57e-02  3.77e-03  1.85e-03  1.67e-03 -3.50e-03 -9.03e-03
  138781   7.241 -1.07e-01  6.92e-02  1.72e-01  4.30e-02  3.84e-02  3.66e-02  2.93e-03  1.83e-03 -9.75e-04 -1.03e-02 -9.69e-03
  138782   5.613 -7.68e-03  9.20e-02  1.35e-01  4.68e-02  1.28e-02  7.00e-03  2.28e-03  2.14e-03 -5.17e-03 -1.01e-02 -8.40e-03
  138783   4.389  5.61e-02  6.09e-02  1.55e-01  5.48e-02 -2.36e-02 -3.31e-03  2.09e-03  2.45e-03 -6.15e-04 -7.36e-03 -5.96e-03
  138784   3.803  7.12e-02  4.80e-02  9.86e-02  4.46e-02 -2.81e-02 -4.96e-03  1.48e-03  2.31e-03 -3.47e-04 -5.71e-03 -4.42e-03
  138785   3.502  8.11e-02  4.19e-02  7.84e-02  2.82e-02 -5.91e-02 -4.62e-03  1.29e-03  2.72e-03 -1.80e-05 -4.38e-03 -3.35e-03
  138786   3.323  8.91e-02  3.79e-02  6.72e-02  9.71e-03 -7.03e-02 -2.47e-03  1.06e-03  2.78e-03 -1.28e-04 -3.80e-03 -2.86e-03
  138787   3.211  9.45e-02  3.48e-02  5.16e-02  1.27e-03 -6.04e-02  6.94e-04  8.57e-04  2.58e-03 -7.95e-04 -3.68e-03 -2.69e-03
  138788   3.146  9.30e-02  3.28e-02  4.13e-02 -1.92e-02  9.25e-03  1.58e-02  4.45e-04  9.11e-04 -3.33e-03 -5.04e-03 -3.41e-03
  138789   3.478  9.65e-02  3.25e-02  3.29e-02 -1.58e-02  6.72e-03  5.88e-03  3.94e-04  7.60e-04 -3.48e-03 -4.91e-03 -3.27e-03
  138790   4.359  1.12e-01  4.55e-02  2.96e-02 -1.81e-02  3.66e-04  5.05e-03  6.06e-04  5.95e-04 -3.76e-03 -5.48e-03 -3.60e-03
  138791   4.675  1.43e-01  5.80e-02  3.59e-02 -4.40e-02 -2.12e-02  4.45e-03  1.09e-03  1.10e-03 -4.36e-03 -6.54e-03 -4.23e-03
  138792   3.697  1.67e-01  7.78e-02  2.75e-02 -1.97e-01 -2.14e-02  3.40e-03  1.84e-03  3.07e-03 -2.79e-03 -5.51e-03 -3.60e-03
  138793   2.809  1.53e+00  1.19e-01  7.91e-02 -2.35e+01 -3.01e+00  5.84e-03  5.27e-03  2.96e-02  1.11e+00  6.99e-01  3.42e-01
  138794   2.158  3.35e+00  9.75e-02  8.31e-02 -1.75e+01 -5.16e+00  4.17e-03  5.40e-03  6.09e-03  2.16e+00  8.73e-01  3.67e-01
  138795   1.653  5.86e+00  7.92e-02  7.07e-02 -1.82e+01 -5.78e+00  2.62e-03  4.99e-03  7.22e-03  3.04e+00  8.83e-01  3.50e-01
  138796   1.246  9.39e+00  6.69e-02  6.25e-02 -1.84e+01 -7.07e+00  1.55e-03  4.49e-03  2.20e-02  4.17e+00  9.08e-01  3.49e-01
  138797   0.949  1.38e+01  5.75e-02  6.01e-02 -1.95e+01 -1.16e+01  9.80e-04  4.03e-03  8.76e-01  6.05e+00  9.94e-01  4.09e-01
  138798   0.745  9.34e+01  7.72e-02  1.47e-01 -2.01e+01 -2.24e+02  1.16e-03  6.50e-03  2.12e+00  2.07e+01  6.57e+00  4.00e+00
  138799   0.607  6.23e+01  5.13e-02  1.01e-01 -1.91e+01 -5.56e+01  5.72e-04  3.96e-03  4.55e+00  6.23e+00  9.52e+00  1.27e+00
  138800   0.526  2.74e+02  1.49e-01  9.77e-01 -1.91e+01 -6.26e+02  1.95e-03  1.77e-02  9.48e+00  4.71e+01  2.46e+01  1.03e+01

--- exp_g3 k=16 j=17 : delta_u vs i (columns i=48..58) ---
   cycle      dt        48        49        50        51        52        53        54        55        56        57        58
  138770  11.167 -9.41e+01 -5.92e+01 -4.27e+01 -3.11e+01 -2.63e+01 -1.70e+01 -8.30e+00 -3.28e+00  1.49e-01  6.62e-02 -1.72e-01
  138771  11.156 -9.78e+01 -4.51e+01 -4.19e+01 -2.85e+01 -2.54e+01 -1.68e+01 -7.43e+00 -3.41e+00  4.18e-01  1.57e-01 -1.73e-01
  138772  11.154 -9.20e+01 -4.60e+01 -3.82e+01 -2.68e+01 -2.36e+01 -1.54e+01 -5.79e+00 -2.80e+00  2.10e-01  4.24e-02 -1.32e-01
  138773  11.151 -8.81e+01 -4.40e+01 -3.53e+01 -2.57e+01 -2.26e+01 -1.35e+01 -4.24e+00 -9.98e-01 -2.61e-01 -8.49e-05 -1.10e-01
  138774  11.133 -8.00e+01 -4.27e+01 -3.30e+01 -2.51e+01 -2.19e+01 -1.12e+01 -4.29e+00  7.25e-01 -5.46e-01  5.93e-02 -7.45e-02
  138775  11.060 -7.32e+01 -4.20e+01 -3.09e+01 -2.45e+01 -2.05e+01 -9.24e+00 -3.71e+00  2.66e+00 -1.91e+00  2.12e-01  6.05e-02
  138776  10.289 -7.00e+01 -3.89e+01 -2.90e+01 -2.37e+01 -1.90e+01 -6.80e+00 -1.25e+00  3.29e+00 -2.12e+00  3.12e-01  2.53e-01
  138777   9.227 -6.38e+01 -3.24e+01 -2.57e+01 -2.15e+01 -1.64e+01 -3.50e+00  6.34e-01  5.08e+00 -1.22e+00  4.85e-01  3.73e-01
  138778   8.629 -5.65e+01 -2.56e+01 -2.22e+01 -1.87e+01 -1.34e+01 -2.65e+00  3.81e+00 -9.26e-01 -4.39e-01  5.35e-01  4.41e-01
  138779   8.515 -5.15e+01 -2.09e+01 -2.00e+01 -1.69e+01 -1.20e+01  1.97e+00 -5.02e-01 -7.87e+00 -6.59e-02  7.06e-01  5.11e-01
  138780   8.400 -4.77e+01 -1.86e+01 -1.89e+01 -1.65e+01 -1.02e+01  1.39e+01 -5.88e+00 -1.10e+01  2.20e-01  8.55e-01  6.12e-01
  138781   7.241 -4.09e+01 -3.34e+01 -1.61e+01 -1.58e+01 -5.20e+00  1.47e+01  8.66e+00 -1.27e+01  4.91e-01  1.07e+00  7.12e-01
  138782   5.613 -3.19e+01 -2.99e+01 -1.41e+01 -1.32e+01 -3.24e+00  2.32e+01  3.44e+01 -8.87e+00  8.14e-01  1.02e+00  6.70e-01
  138783   4.389 -2.27e+01 -2.22e+01 -1.20e+01 -8.52e+00 -1.87e+00  3.39e+01  4.64e+01 -3.79e+00  8.77e-01  8.54e-01  5.61e-01
  138784   3.803 -1.66e+01 -1.64e+01 -8.75e+00 -6.53e+00 -1.18e+00  5.36e+01 -7.94e-01 -1.25e+00  8.13e-01  7.04e-01  4.64e-01
  138785   3.502 -1.33e+01 -1.37e+01 -7.05e+00 -5.64e+00  1.83e+00  3.28e+01 -2.26e+01 -3.20e-01  7.83e-01  6.37e-01  4.22e-01
  138786   3.323 -1.17e+01 -1.23e+01 -5.96e+00 -5.08e+00  3.50e+00  1.70e+01 -2.78e+01  3.31e-02  7.81e-01  6.09e-01  4.05e-01
  138787   3.211 -1.13e+01 -1.13e+01 -5.32e+00 -4.42e+00  3.91e+00  2.96e+00 -2.64e+01  2.16e-01  7.90e-01  5.97e-01  4.00e-01
  138788   3.146 -1.16e+01 -1.05e+01 -4.98e+00 -3.94e+00  4.42e+00 -1.04e+01 -2.31e+01  3.28e-01  8.05e-01  5.93e-01  3.99e-01
  138789   3.478 -1.19e+01 -9.89e+00 -4.81e+00 -3.70e+00  8.25e+00  6.36e+00 -3.23e+01  4.06e-01  8.28e-01  5.96e-01  4.04e-01
  138790   4.359 -1.35e+01 -1.05e+01 -5.21e+00 -3.48e+00  5.19e+01 -4.31e+01 -2.38e+01  5.32e-01  9.69e-01  6.74e-01  4.62e-01
  138791   4.675 -1.87e+01 -1.01e+01 -6.93e+00 -4.80e-01  1.05e+02 -6.23e+01 -1.92e+01  7.87e-01  1.19e+00  8.94e-01  6.16e-01
  138792   3.697 -1.96e+01 -1.07e+01 -6.28e+00  6.37e+00  1.12e+02  5.76e+01 -1.54e+01  1.05e+00  1.35e+00  1.00e+00  6.90e-01
  138793   2.809 -1.38e+01 -7.74e+00 -4.41e+00 -1.35e+01  1.27e+02  1.42e+02 -7.91e+00  1.05e+00  2.23e+00  1.53e+00  9.12e-01
  138794   2.158 -4.95e+00 -5.58e+00 -3.45e+00 -7.29e+00  1.64e+02  1.80e+02 -2.45e+00  9.48e-01  3.81e+00  1.89e+00  9.39e-01
  138795   1.653  4.08e+00 -4.03e+00 -2.94e+00 -4.19e+00  2.29e+02  2.38e+02 -3.02e-01  8.45e-01  5.23e+00  1.85e+00  8.50e-01
  138796   1.246  1.13e+01 -3.03e+00 -2.31e+00 -1.44e+00  3.38e+02  3.50e+02  3.83e-01  7.76e-01  6.87e+00  1.77e+00  7.57e-01
  138797   0.949  1.96e+01 -2.22e+00 -1.73e+00  5.65e-01  4.82e+02  4.65e+02  4.64e-01  1.58e+00  9.45e+00  1.76e+00  7.43e-01
  138798   0.745  1.19e+02 -1.62e+00 -1.16e+00  4.52e+00  3.59e+02  5.54e+02  4.08e-01  3.45e+00  2.77e+01  7.88e+00  4.49e+00
  138799   0.607  1.18e+02 -1.21e+00 -6.92e-01 -2.17e+00  4.31e+02  6.07e+02  3.44e-01  6.85e+00  1.98e+01  1.44e+01  4.27e+00
  138800   0.526  3.59e+02 -5.01e-01  1.28e+00  2.14e+00 -1.20e+02  5.56e+02  2.96e-01  1.34e+01  6.56e+01  3.28e+01  1.43e+01
