active cells per block = 16*16*128 = 32768

=== arm exp_g3 (every 20 cycles) ===
   cycle          time    n(T=200K)  n(rho<1e-9)     max T[K]      min rho
  138354 1738510.947860          147        16780   6.4646e+03   5.0000e-14
  138374 1738729.637879          181        16956   6.4657e+03   5.0000e-14
  138394 1738948.586473          209        17149   6.4668e+03   5.0000e-14
  138414 1739166.911160          195        17319   6.4677e+03   5.0000e-14
  138434 1739385.499390          204        17500   6.4685e+03   5.0000e-14
  138454 1739603.568063          299        17706   6.4691e+03   5.0000e-14
  138474 1739805.125676          267        17870   6.4696e+03   5.0000e-14
  138494 1740008.839091          268        18018   6.4700e+03   5.0000e-14
  138514 1740212.565149          263        18177   6.4706e+03   5.0000e-14
  138534 1740411.057398          281        18304   6.4711e+03   5.0000e-14
  138554 1740602.416659          282        18443   6.4716e+03   5.0000e-14
  138574 1740792.935692          290        18558   6.4719e+03   5.0000e-14
  138594 1740985.838505          230        18655   6.4721e+03   5.0000e-14
  138614 1741180.908376          237        18749   6.4721e+03   5.0000e-14
  138634 1741370.658426          215        18801   6.4721e+03   5.0000e-14
  138654 1741562.083518          172        18822   6.4718e+03   5.0000e-14
  138674 1741744.301563          129        18804   6.4714e+03   5.0000e-14
  138694 1741929.641346           99        18736   6.4713e+03   5.0000e-14
  138714 1742131.166937           72        18601   6.4712e+03   5.0000e-14
  138734 1742339.045168           63        18409   6.4708e+03   5.0000e-14
  138754 1742553.136475           57        18177   6.4702e+03   5.0000e-14
  138774 1742773.441015           42        17924   6.4694e+03   5.0000e-14
  138794 1742893.941436           10        17792   7.4529e+03   5.0000e-14
  138814 1742911.796169            7        17771   4.0531e+05   5.0000e-14
  138834 1742932.399855            2        17745   4.3638e+05   5.0000e-14
  138854 1742933.609608            2        17743   4.1982e+05   5.0000e-14
  138867 1742933.758609            2        17743   4.9582e+05   5.0000e-14

=== arm si_g6 (every 20 cycles) ===
   cycle          time    n(T=200K)  n(rho<1e-9)     max T[K]      min rho
  138354 1738510.947860            0        16141   6.4649e+03   5.0000e-14
  138374 1738728.708622            0        16154   6.4647e+03   5.0000e-14
  138394 1738949.218344            0        16189   6.4654e+03   5.0000e-14
  138414 1739170.039603            0        16242   6.4660e+03   5.0000e-14
  138434 1739388.616361            0        16287   6.4667e+03   5.0000e-14
  138454 1739599.639845            0        16329   6.4676e+03   5.0000e-14
  138474 1739802.268907            1        16394   6.4685e+03   5.0000e-14
  138494 1740003.077227            2        16469   6.4692e+03   5.0000e-14
  138514 1740204.043727            2        16535   6.4699e+03   5.0000e-14
  138534 1740398.763815            8        16611   7.6409e+03   5.0000e-14
  138554 1740589.272655           17        16700   7.8735e+03   5.0000e-14
  138574 1740780.069149           34        16788   8.1156e+03   5.0000e-14
  138594 1740969.365960           84        16858   8.0384e+03   5.0000e-14
  138614 1741155.055175          116        16942   7.8416e+03   5.0000e-14
  138634 1741342.815092          138        17005   7.8806e+03   5.0000e-14
  138654 1741528.286521          147        17055   7.5927e+03   5.0000e-14
  138674 1741715.805920          146        17091   6.9997e+03   5.0000e-14
  138694 1741907.186664          107        17126   6.4724e+03   5.0000e-14
  138714 1742086.512352           84        17153   6.4720e+03   5.0000e-14
  138734 1742276.159977           98        17163   6.4720e+03   5.0000e-14
  138754 1742459.938037           74        17166   6.4718e+03   5.0000e-14
  138774 1742643.173676           60        17171   6.4715e+03   5.0000e-14
  138794 1742837.727922           42        17147   6.4710e+03   5.0000e-14
  138814 1743030.405695           31        17110   6.4704e+03   5.0000e-14
  138834 1743221.336996           26        17060   6.4700e+03   5.0000e-14
  138854 1743410.029531           15        17008   7.6160e+03   5.0000e-14
  138874 1743429.417601            9        17000   2.3604e+07   5.0000e-14
  138894 1743432.511362            8        17000   7.7704e+06   5.0000e-14
  138914 1743434.553507            8        16997   4.7440e+06   5.0000e-14
  138934 1743436.890861            8        17002   3.0861e+06   5.0000e-14
  138954 1743440.489981            8        17002   1.9566e+06   5.0000e-14
  138974 1743446.025718            6        17002   1.1103e+06   5.0000e-14
  138994 1743452.264545            7        16994   7.5579e+05   5.0000e-14
  139014 1743459.187224            8        16985   5.5843e+05   5.0000e-14
  139034 1743466.829945           10        16985   4.0666e+05   5.0000e-14
  139054 1743475.242285           10        16983   4.7579e+05   5.0000e-14
  139074 1743484.187775           10        16975   6.4920e+05   5.0000e-14
  139094 1743493.761621            8        16962   4.8028e+05   5.0000e-14
  139114 1743504.084267            8        16954   5.8313e+05   5.0000e-14
  139134 1743515.239944            6        16949   3.8330e+05   5.0000e-14
  139154 1743527.267588            7        16940   3.0913e+05   5.0000e-14
  139174 1743540.167176            6        16928   2.8057e+05   5.0000e-14
  139194 1743553.900566            6        16918   2.8830e+05   5.0000e-14
  139214 1743567.957531            7        16908   4.2864e+05   5.0000e-14
  139234 1743582.783251            6        16888   3.0006e+05   5.0000e-14
  139254 1743599.856949            6        16863   3.2258e+05   5.0000e-14
  139274 1743618.035811            7        16845   2.6098e+05   5.0000e-14
  139294 1743637.187290            6        16817   2.4531e+05   5.0000e-14
  139314 1743657.094023            6        16786   2.7370e+05   5.0000e-14
  139334 1743677.524230            4        16763   2.7553e+05   5.0000e-14
  139354 1743697.835239            4        16736   3.4077e+05   5.0000e-14
  139374 1743715.281440            3        16712   4.2290e+05   5.0000e-14
  139394 1743730.494243            4        16682   4.9910e+05   5.0000e-14
  139414 1743744.354371            4        16657   5.7234e+05   5.0000e-14
  139434 1743757.433623            4        16631   6.5506e+05   5.0000e-14
  139454 1743769.762483            3        16601   7.5946e+05   5.0000e-14
  139474 1743781.442865            3        16574   8.4299e+05   5.0000e-14
  139494 1743792.928510            3        16548   9.1460e+05   5.0000e-14
  139514 1743804.299757            3        16514   8.9400e+05   5.0000e-14
  139534 1743815.934979            3        16488   9.7491e+05   5.0000e-14
  139554 1743827.731265            2        16447   9.3704e+05   5.0000e-14
  139574 1743839.636651            2        16404   9.6684e+05   5.0000e-14
  139594 1743851.647932            1        16365   8.8589e+05   5.0000e-14
  139614 1743864.026261            1        16319   9.0034e+05   5.0000e-14
  139634 1743876.830181            1        16269   8.1146e+05   5.0000e-14
  139654 1743890.411889            0        16209   8.0413e+05   5.0000e-14
  139674 1743904.607511            0        16162   7.0080e+05   5.0000e-14
  139694 1743919.357271            0        16105   6.5499e+05   5.0000e-14
  139714 1743934.879720            0        16040   5.7252e+05   5.0000e-14
  139734 1743951.220242            0        15963   5.5152e+05   5.0000e-14
  139754 1743968.508817            0        15889   4.6091e+05   5.0000e-14
  139774 1743987.195436            0        15795   4.4376e+05   5.0000e-14
  139794 1744007.177542            0        15688   3.9549e+05   5.0000e-14
  139814 1744027.881573            0        15587   3.8104e+05   5.0000e-14
  139834 1744049.425375            0        15466   3.6266e+05   5.0000e-14
  139854 1744071.732481            0        15326   3.6656e+05   5.0000e-14
  139874 1744095.278061            0        15189   3.3535e+05   5.0000e-14
  139894 1744120.099056            0        15028   3.2831e+05   5.0000e-14
  139914 1744146.570211            0        14860   3.3338e+05   5.0000e-14
  139934 1744174.152915            0        14665   3.2898e+05   5.0000e-14
  139954 1744202.536494            0        14452   3.0429e+05   5.1132e-14
  139974 1744231.917825            0        14262   2.6964e+05   6.0134e-14
  139994 1744262.198479            0        14054   2.5160e+05   8.3814e-14
  140014 1744293.552755            0        13834   2.1611e+05   9.2811e-14
  140034 1744326.621246            0        13622   2.1574e+05   1.2725e-13
  140054 1744361.474842            0        13401   1.9629e+05   1.6388e-13
  140074 1744396.166019            0        13186   2.1063e+05   1.9609e-13
  140094 1744429.349650            0        12982   1.8024e+05   2.4330e-13
  140114 1744462.927975            0        12788   2.0647e+05   2.6819e-13
  140134 1744496.468753            0        12583   2.0625e+05   3.0901e-13
  140137 1744500.000000            0        12564   1.8428e+05   3.0954e-13
