=== cycle 138770  time 1742728.813024  dt 11.16660
   i        T[K]         rho          v_r         rt_de       delta_u
  48  1.1839e+03  9.8026e-10  -9.5570e+05   1.97388e-01  -9.40671e+01
  49  2.0831e+02  6.9621e-10  -9.8344e+05   1.91774e-01  -5.92129e+01
  50  2.0000e+02  5.3149e-10  -9.1453e+05   1.12011e-01  -4.27425e+01
  51  2.0000e+02  3.9173e-10  -8.6197e+05   7.59362e-02  -3.11045e+01
  52  2.0000e+02  2.4956e-10  -8.4097e+05   4.85846e-02  -2.62680e+01
  53  2.0000e+02  1.4022e-10  -8.3366e+05   2.95503e-02  -1.70366e+01
  54  2.0000e+02  6.7135e-11  -8.6601e+05   1.55369e-02  -8.29565e+00
  55  2.0000e+02  2.5383e-11  -9.7542e+05   6.24190e-03  -3.27761e+00
  56  2.0000e+02  1.2123e-11  -9.8781e+05   3.07536e-03   1.49302e-01
  57  2.0000e+02  9.1907e-12  -8.0842e+05   2.37914e-03   6.62376e-02
  58  2.0000e+02  7.2001e-12  -7.5902e+05  -2.30415e-03  -1.71857e-01
=== cycle 138771  time 1742739.979626  dt 11.15635
   i        T[K]         rho          v_r         rt_de       delta_u
  48  1.0087e+03  9.4463e-10  -9.5555e+05   1.53972e-01  -9.78205e+01
  49  5.6560e+02  6.7439e-10  -9.7561e+05   3.24054e-01  -4.50692e+01
  50  2.0000e+02  5.1658e-10  -9.0738e+05   1.07026e-01  -4.19117e+01
  51  2.0000e+02  3.8076e-10  -8.5807e+05   7.23206e-02  -2.84969e+01
  52  2.0000e+02  2.3891e-10  -8.3906e+05   4.56474e-02  -2.54221e+01
  53  2.0000e+02  1.3279e-10  -8.3581e+05   2.75434e-02  -1.67551e+01
  54  2.0000e+02  6.2631e-11  -8.8484e+05   1.42723e-02  -7.43412e+00
  55  2.0000e+02  2.2885e-11  -1.0252e+06   5.64027e-03  -3.40784e+00
  56  2.0000e+02  1.1944e-11  -1.0155e+06   2.97285e-03   4.17619e-01
  57  2.0000e+02  9.1936e-12  -8.1673e+05   2.33798e-03   1.57451e-01
  58  2.0000e+02  7.1319e-12  -7.5539e+05  -2.43366e-03  -1.73342e-01
=== cycle 138772  time 1742751.135978  dt 11.15366
   i        T[K]         rho          v_r         rt_de       delta_u
  48  1.0239e+03  9.0900e-10  -9.5563e+05   1.25623e-01  -9.19576e+01
  49  7.7368e+02  6.5445e-10  -9.6592e+05   7.10068e-02  -4.60045e+01
  50  2.0000e+02  5.0280e-10  -9.0142e+05   1.16003e-01  -3.82246e+01
  51  2.0000e+02  3.7033e-10  -8.5445e+05   7.53043e-02  -2.67507e+01
  52  2.0000e+02  2.2899e-10  -8.3769e+05   4.66519e-02  -2.36004e+01
  53  2.0000e+02  1.2575e-10  -8.3943e+05   2.76639e-02  -1.53590e+01
  54  2.0000e+02  5.8326e-11  -9.1370e+05   1.40176e-02  -5.79230e+00
  55  2.0000e+02  2.0247e-11  -1.1058e+06   5.06760e-03  -2.80259e+00
  56  2.0000e+02  1.1759e-11  -1.0391e+06   3.05890e-03   2.09878e-01
  57  2.0000e+02  9.2084e-12  -8.1736e+05   2.43468e-03   4.24464e-02
  58  2.0000e+02  7.0771e-12  -7.5304e+05  -2.46202e-03  -1.31844e-01
=== cycle 138773  time 1742762.289640  dt 11.15138
   i        T[K]         rho          v_r         rt_de       delta_u
  48  1.0522e+03  8.7416e-10  -9.5485e+05   9.31519e-02  -8.81336e+01
  49  9.3919e+02  6.3644e-10  -9.5581e+05   7.57178e-02  -4.40345e+01
  50  2.0000e+02  4.8986e-10  -8.9645e+05   1.10439e-01  -3.53485e+01
  51  2.0000e+02  3.6011e-10  -8.5134e+05   7.01756e-02  -2.57382e+01
  52  2.0000e+02  2.1941e-10  -8.3700e+05   4.32662e-02  -2.26015e+01
  53  2.0000e+02  1.1921e-10  -8.4534e+05   2.55309e-02  -1.35355e+01
  54  2.0000e+02  5.4182e-11  -9.5358e+05   1.27003e-02  -4.24345e+00
  55  2.0000e+02  1.7981e-11  -1.2054e+06   4.38798e-03  -9.98239e-01
  56  2.0000e+02  1.1534e-11  -1.0571e+06   2.91857e-03  -2.60688e-01
  57  2.0000e+02  9.2776e-12  -8.0783e+05   2.38247e-03  -8.49239e-05
  58  2.0000e+02  7.0380e-12  -7.4921e+05  -2.63212e-03  -1.10177e-01
=== cycle 138774  time 1742773.441015  dt 11.13268
   i        T[K]         rho          v_r         rt_de       delta_u
  48  1.0968e+03  8.4191e-10  -9.5448e+05   5.71648e-02  -8.00211e+01
  49  1.0968e+03  6.1961e-10  -9.4510e+05   7.64226e-02  -4.26914e+01
  50  2.0000e+02  4.7757e-10  -8.9236e+05   1.10859e-01  -3.29947e+01
  51  2.0000e+02  3.4991e-10  -8.4895e+05   6.74850e-02  -2.51366e+01
  52  2.0000e+02  2.1000e-10  -8.3731e+05   4.11150e-02  -2.18686e+01
  53  2.0000e+02  1.1329e-10  -8.5438e+05   2.41764e-02  -1.12404e+01
  54  2.0000e+02  4.9127e-11  -1.0183e+06   1.17108e-02  -4.28528e+00
  55  2.0000e+02  1.6009e-11  -1.3229e+06   3.88342e-03   7.25164e-01
  56  2.0000e+02  1.1297e-11  -1.0734e+06   2.83217e-03  -5.45541e-01
  57  2.0000e+02  9.4109e-12  -7.9163e+05   2.39486e-03   5.92660e-02
  58  2.0000e+02  7.0221e-12  -7.4132e+05  -2.77518e-03  -7.45379e-02
=== cycle 138775  time 1742784.573697  dt 11.06018
   i        T[K]         rho          v_r         rt_de       delta_u
  48  1.1518e+03  8.1212e-10  -9.5449e+05   1.11386e-02  -7.31773e+01
  49  1.2398e+03  6.0354e-10  -9.3351e+05   7.79061e-02  -4.19729e+01
  50  2.0000e+02  4.6584e-10  -8.8917e+05   1.10172e-01  -3.08880e+01
  51  2.0000e+02  3.3974e-10  -8.4736e+05   6.43232e-02  -2.45249e+01
  52  2.0000e+02  2.0107e-10  -8.3845e+05   3.89730e-02  -2.04922e+01
  53  2.0000e+02  1.0762e-10  -8.6957e+05   2.30881e-02  -9.24144e+00
  54  2.0000e+02  4.3235e-11  -1.1151e+06   1.01646e-02  -3.70925e+00
  55  2.0000e+02  1.4307e-11  -1.4668e+06   3.48573e-03   2.65867e+00
  56  2.0000e+02  1.1067e-11  -1.0501e+06   2.78717e-03  -1.90825e+00
  57  2.0000e+02  9.6079e-12  -7.7670e+05   2.45995e-03   2.12271e-01
  58  2.7626e+02  7.0370e-12  -7.2934e+05  -5.02931e-03   6.05157e-02
=== cycle 138776  time 1742795.633876  dt 10.28932
   i        T[K]         rho          v_r         rt_de       delta_u
  48  1.2107e+03  7.8389e-10  -9.5368e+05  -3.63864e-02  -7.00292e+01
  49  1.3677e+03  5.8880e-10  -9.2210e+05   7.74613e-02  -3.88961e+01
  50  2.0000e+02  4.5460e-10  -8.8691e+05   1.10406e-01  -2.89721e+01
  51  2.0000e+02  3.2971e-10  -8.4657e+05   6.19049e-02  -2.37152e+01
  52  2.0000e+02  1.9267e-10  -8.4037e+05   3.68919e-02  -1.90248e+01
  53  2.0000e+02  1.0216e-10  -8.9359e+05   2.14284e-02  -6.80496e+00
  54  2.0000e+02  3.7432e-11  -1.2429e+06   8.50507e-03  -1.25361e+00
  55  2.0000e+02  1.2683e-11  -1.6366e+06   2.96069e-03   3.29289e+00
  56  2.0000e+02  1.1059e-11  -9.9462e+05   2.62563e-03  -2.12294e+00
  57  2.0000e+02  9.8452e-12  -7.6101e+05   2.10859e-03   3.12407e-01
  58  7.0152e+02  7.0859e-12  -7.1456e+05  -1.90663e-03   2.52573e-01
=== cycle 138777  time 1742805.923196  dt 9.22699
   i        T[K]         rho          v_r         rt_de       delta_u
  48  1.2652e+03  7.5870e-10  -9.5174e+05  -9.21982e-02  -6.37905e+01
  49  1.4695e+03  5.7640e-10  -9.1235e+05   5.60099e-02  -3.24145e+01
  50  2.0000e+02  4.4440e-10  -8.8562e+05   1.08078e-01  -2.56718e+01
  51  2.0000e+02  3.2049e-10  -8.4660e+05   5.77111e-02  -2.14501e+01
  52  2.0000e+02  1.8530e-10  -8.4304e+05   3.43474e-02  -1.63532e+01
  53  2.0000e+02  9.7202e-11  -9.2740e+05   2.00140e-02  -3.50089e+00
  54  2.0000e+02  3.1938e-11  -1.3993e+06   7.16698e-03   6.33803e-01
  55  2.0000e+02  1.1333e-11  -1.8368e+06   2.60612e-03   5.08369e+00
  56  2.0000e+02  1.1276e-11  -9.3823e+05   2.63474e-03  -1.22419e+00
  57  2.0000e+02  1.0116e-11  -7.4285e+05  -3.38947e-04   4.85123e-01
  58  1.2009e+03  7.1668e-12  -6.9753e+05  -6.15946e-03   3.72822e-01
=== cycle 138778  time 1742815.150182  dt 8.62942
   i        T[K]         rho          v_r         rt_de       delta_u
  48  1.3073e+03  7.3706e-10  -9.4847e+05  -1.23665e-01  -5.64874e+01
  49  1.5438e+03  5.6636e-10  -9.0469e+05   5.08106e-02  -2.55902e+01
  50  2.0000e+02  4.3537e-10  -8.8512e+05   1.02440e-01  -2.21993e+01
  51  2.0000e+02  3.1239e-10  -8.4733e+05   5.27653e-02  -1.86531e+01
  52  2.0000e+02  1.7909e-10  -8.4636e+05   3.15671e-02  -1.33906e+01
  53  2.0000e+02  9.1433e-11  -9.7627e+05   1.85347e-02  -2.64652e+00
  54  2.0000e+02  2.7131e-11  -1.5840e+06   5.91746e-03   3.81103e+00
  55  2.0000e+02  1.0184e-11  -1.9710e+06   2.31258e-03  -9.26348e-01
  56  2.0000e+02  1.1606e-11  -8.9610e+05   2.68128e-03  -4.39166e-01
  57  3.3525e+02  1.0398e-11  -7.1939e+05  -6.09775e-03   5.34967e-01
  58  1.4609e+03  7.2716e-12  -6.8083e+05  -7.86176e-03   4.40929e-01
=== cycle 138779  time 1742823.779601  dt 8.51512
   i        T[K]         rho          v_r         rt_de       delta_u
  48  1.3353e+03  7.1795e-10  -9.4408e+05  -1.07312e-01  -5.14695e+01
  49  1.6008e+03  5.5780e-10  -8.9861e+05   7.03500e-02  -2.09419e+01
  50  2.0000e+02  4.2707e-10  -8.8527e+05   1.03668e-01  -2.00006e+01
  51  2.0000e+02  3.0503e-10  -8.4847e+05   5.20384e-02  -1.68584e+01
  52  2.0000e+02  1.7325e-10  -8.5110e+05   3.03547e-02  -1.20168e+01
  53  2.0000e+02  8.5111e-11  -1.0511e+06   1.64708e-02   1.97237e+00
  54  2.0000e+02  2.2482e-11  -1.7826e+06   4.66363e-03  -5.01611e-01
  55  2.0000e+02  9.2661e-12  -1.9989e+06   1.95825e-03  -7.86922e+00
  56  2.0000e+02  1.1992e-11  -8.5438e+05   2.44939e-03  -6.59462e-02
  57  6.1166e+02  1.0702e-11  -6.9561e+05  -1.76817e-03   7.06017e-01
  58  1.5544e+03  7.4001e-12  -6.6210e+05  -8.22525e-03   5.10904e-01
=== cycle 138780  time 1742832.294720  dt 8.40009
   i        T[K]         rho          v_r         rt_de       delta_u
  48  1.3652e+03  7.0038e-10  -9.3934e+05  -1.37952e-01  -4.77023e+01
  49  1.6476e+03  5.5004e-10  -8.9365e+05   6.99093e-02  -1.86185e+01
  50  2.0000e+02  4.1905e-10  -8.8612e+05   1.05064e-01  -1.89479e+01
  51  2.0000e+02  2.9782e-10  -8.4974e+05   5.16024e-02  -1.64980e+01
  52  2.0000e+02  1.6775e-10  -8.5894e+05   3.00339e-02  -1.02086e+01
  53  2.0000e+02  7.8792e-11  -1.1642e+06   1.57060e-02   1.38916e+01
  54  2.0000e+02  1.7734e-11  -1.9942e+06   3.76825e-03  -5.88325e+00
  55  2.0000e+02  8.6109e-12  -1.9430e+06   1.85139e-03  -1.09648e+01
  56  2.0000e+02  1.2428e-11  -8.1510e+05   1.67047e-03   2.20302e-01
  57  9.4408e+02  1.1040e-11  -6.6934e+05  -3.50168e-03   8.54804e-01
  58  1.6130e+03  7.5616e-12  -6.4144e+05  -9.02910e-03   6.12495e-01
=== cycle 138781  time 1742840.694813  dt 7.24144
   i        T[K]         rho          v_r         rt_de       delta_u
  48  1.3774e+03  6.8409e-10  -9.3313e+05  -1.07488e-01  -4.09448e+01
  49  1.5787e+03  5.4306e-10  -8.8591e+05   6.91829e-02  -3.34253e+01
  50  4.5204e+02  4.1126e-10  -8.7894e+05   1.71680e-01  -1.61346e+01
  51  2.0000e+02  2.9089e-10  -8.4782e+05   4.30432e-02  -1.58136e+01
  52  3.6896e+02  1.6298e-10  -8.6416e+05   3.84463e-02  -5.19750e+00
  53  4.8818e+02  7.1336e-11  -1.2971e+06   3.65773e-02   1.46586e+01
  54  2.0000e+02  1.3954e-11  -2.3296e+06   2.92585e-03   8.65533e+00
  55  2.0000e+02  8.5300e-12  -1.7248e+06   1.82719e-03  -1.26931e+01
  56  2.0000e+02  1.2920e-11  -7.6952e+05  -9.75117e-04   4.90636e-01
  57  1.3080e+03  1.1422e-11  -6.4519e+05  -1.02777e-02   1.07433e+00
  58  1.6547e+03  7.7504e-12  -6.2086e+05  -9.69085e-03   7.11725e-01
=== cycle 138782  time 1742847.936253  dt 5.61262
   i        T[K]         rho          v_r         rt_de       delta_u
  48  1.5440e+03  6.7173e-10  -9.2583e+05  -7.67850e-03  -3.18564e+01
  49  1.2913e+03  5.3706e-10  -8.8094e+05   9.20036e-02  -2.99105e+01
  50  5.3683e+02  4.0477e-10  -8.7256e+05   1.35438e-01  -1.41251e+01
  51  2.0000e+02  2.8513e-10  -8.4683e+05   4.68293e-02  -1.31545e+01
  52  5.9488e+02  1.5880e-10  -8.7139e+05   1.27662e-02  -3.23893e+00
  53  9.5775e+02  6.4199e-11  -1.4487e+06   7.00244e-03   2.31860e+01
  54  2.0000e+02  1.0221e-11  -3.0353e+06   2.28307e-03   3.44412e+01
  55  2.0000e+02  8.8207e-12  -1.4725e+06   2.13969e-03  -8.87284e+00
  56  3.4334e+02  1.3426e-11  -7.3363e+05  -5.16801e-03   8.13585e-01
  57  1.4755e+03  1.1779e-11  -6.2396e+05  -1.01409e-02   1.02339e+00
  58  1.6825e+03  7.9366e-12  -6.0033e+05  -8.39929e-03   6.69503e-01
=== cycle 138783  time 1742853.548873  dt 4.38864
   i        T[K]         rho          v_r         rt_de       delta_u
  48  1.5565e+03  6.6359e-10  -9.2022e+05   5.61319e-02  -2.26967e+01
  49  1.1436e+03  5.3214e-10  -8.7744e+05   6.09308e-02  -2.22466e+01
  50  5.0012e+02  4.0002e-10  -8.6641e+05   1.54663e-01  -1.20410e+01
  51  3.0778e+02  2.8072e-10  -8.4894e+05   5.47548e-02  -8.52190e+00
  52  8.1792e+02  1.5526e-10  -8.7914e+05  -2.35504e-02  -1.86808e+00
  53  1.7622e+03  5.7538e-11  -1.6270e+06  -3.31447e-03   3.38588e+01
  54  2.0000e+02  7.6260e-12  -3.9103e+06   2.08974e-03   4.64473e+01
  55  2.0000e+02  9.2267e-12  -1.3108e+06   2.44673e-03  -3.78569e+00
  56  5.7529e+02  1.3863e-11  -7.0754e+05  -6.15053e-04   8.77470e-01
  57  1.5411e+03  1.2075e-11  -6.0675e+05  -7.36450e-03   8.53847e-01
  58  1.7008e+03  8.0964e-12  -5.8362e+05  -5.96322e-03   5.60591e-01
=== cycle 138784  time 1742857.937517  dt 3.80275
   i        T[K]         rho          v_r         rt_de       delta_u
  48  1.5617e+03  6.5797e-10  -9.1605e+05   7.12469e-02  -1.66033e+01
  49  1.0397e+03  5.2820e-10  -8.7495e+05   4.79670e-02  -1.63975e+01
  50  5.3574e+02  3.9648e-10  -8.6211e+05   9.86445e-02  -8.74690e+00
  51  3.5084e+02  2.7729e-10  -8.5084e+05   4.46131e-02  -6.53356e+00
  52  1.0612e+03  1.5204e-10  -8.8724e+05  -2.80844e-02  -1.18411e+00
  53  1.8836e+03  5.1651e-11  -1.8368e+06  -4.95648e-03   5.35810e+01
  54  2.0000e+02  5.6260e-12  -4.5285e+06   1.47795e-03  -7.93869e-01
  55  2.0000e+02  9.7171e-12  -1.2104e+06   2.30610e-03  -1.25431e+00
  56  7.7328e+02  1.4231e-11  -6.8771e+05  -3.47073e-04   8.12549e-01
  57  1.5763e+03  1.2318e-11  -5.9297e+05  -5.71477e-03   7.04357e-01
  58  1.7135e+03  8.2312e-12  -5.7016e+05  -4.41509e-03   4.64274e-01
=== cycle 138785  time 1742861.740264  dt 3.50205
   i        T[K]         rho          v_r         rt_de       delta_u
  48  1.5637e+03  6.5360e-10  -9.1286e+05   8.10912e-02  -1.33424e+01
  49  9.5651e+02  5.2470e-10  -8.7290e+05   4.19084e-02  -1.36688e+01
  50  5.6479e+02  3.9357e-10  -8.5881e+05   7.84330e-02  -7.04967e+00
  51  3.8903e+02  2.7430e-10  -8.5274e+05   2.81700e-02  -5.63927e+00
  52  1.3876e+03  1.4912e-10  -8.9824e+05  -5.90724e-02   1.83482e+00
  53  2.0159e+03  4.6123e-11  -2.0343e+06  -4.61857e-03   3.27815e+01
  54  2.0000e+02  4.2657e-12  -4.9261e+06   1.28609e-03  -2.25698e+01
  55  2.0000e+02  1.0228e-11  -1.1392e+06   2.71685e-03  -3.19824e-01
  56  9.4433e+02  1.4567e-11  -6.7072e+05  -1.79666e-05   7.83255e-01
  57  1.6004e+03  1.2537e-11  -5.8083e+05  -4.37624e-03   6.37019e-01
  58  1.7235e+03  8.3553e-12  -5.5825e+05  -3.35221e-03   4.21918e-01
=== cycle 138786  time 1742865.242319  dt 3.32323
   i        T[K]         rho          v_r         rt_de       delta_u
  48  1.5629e+03  6.4986e-10  -9.1024e+05   8.91086e-02  -1.16741e+01
  49  8.8657e+02  5.2140e-10  -8.7103e+05   3.78555e-02  -1.22598e+01
  50  5.9247e+02  3.9103e-10  -8.5621e+05   6.72128e-02  -5.96358e+00
  51  4.2737e+02  2.7153e-10  -8.5473e+05   9.71382e-03  -5.08054e+00
  52  1.6042e+03  1.4625e-10  -9.1210e+05  -7.02559e-02   3.49531e+00
  53  2.0263e+03  4.0795e-11  -2.2343e+06  -2.47017e-03   1.69836e+01
  54  2.0000e+02  3.3164e-12  -5.1966e+06   1.06187e-03  -2.77907e+01
  55  2.0000e+02  1.0728e-11  -1.0825e+06   2.78332e-03   3.30697e-02
  56  1.1033e+03  1.4892e-11  -6.5511e+05  -1.28040e-04   7.80907e-01
  57  1.6193e+03  1.2746e-11  -5.6952e+05  -3.79663e-03   6.08651e-01
  58  1.7322e+03  8.4758e-12  -5.4709e+05  -2.85749e-03   4.05280e-01
=== cycle 138787  time 1742868.565552  dt 3.21114
   i        T[K]         rho          v_r         rt_de       delta_u
  48  1.5595e+03  6.4631e-10  -9.0777e+05   9.44921e-02  -1.13130e+01
  49  8.2616e+02  5.1825e-10  -8.6933e+05   3.47806e-02  -1.12838e+01
  50  6.1971e+02  3.8870e-10  -8.5406e+05   5.15585e-02  -5.32186e+00
  51  4.7362e+02  2.6890e-10  -8.5680e+05   1.26794e-03  -4.41814e+00
  52  1.7049e+03  1.4306e-10  -9.2948e+05  -6.04357e-02   3.91020e+00
  53  1.9433e+03  3.5626e-11  -2.4471e+06   6.94377e-04   2.95811e+00
  54  2.0000e+02  2.6466e-12  -5.3816e+06   8.56891e-04  -2.64133e+01
  55  2.0000e+02  1.1214e-11  -1.0349e+06   2.57932e-03   2.15745e-01
  56  1.2485e+03  1.5213e-11  -6.4025e+05  -7.94657e-04   7.90026e-01
  57  1.6349e+03  1.2951e-11  -5.5869e+05  -3.68381e-03   5.96595e-01
  58  1.7399e+03  8.5957e-12  -5.3637e+05  -2.69291e-03   3.99584e-01
=== cycle 138788  time 1742871.776693  dt 3.14618
   i        T[K]         rho          v_r         rt_de       delta_u
  48  1.5532e+03  6.4282e-10  -9.0539e+05   9.29698e-02  -1.15600e+01
  49  7.7281e+02  5.1523e-10  -8.6780e+05   3.28306e-02  -1.05060e+01
  50  6.4708e+02  3.8646e-10  -8.5218e+05   4.13394e-02  -4.98446e+00
  51  5.5168e+02  2.6634e-10  -8.5897e+05  -1.92024e-02  -3.94080e+00
  52  1.7619e+03  1.3958e-10  -9.5061e+05   9.25068e-03   4.41549e+00
  53  3.9856e+02  3.0586e-11  -2.6860e+06   1.58291e-02  -1.04095e+01
  54  2.0000e+02  2.1739e-12  -5.4948e+06   4.45436e-04  -2.30866e+01
  55  2.0000e+02  1.1689e-11  -9.9333e+05   9.10537e-04   3.28227e-01
  56  1.3639e+03  1.5535e-11  -6.2588e+05  -3.32597e-03   8.04845e-01
  57  1.6483e+03  1.3156e-11  -5.4817e+05  -5.04217e-03   5.92532e-01
  58  1.7468e+03  8.7170e-12  -5.2590e+05  -3.41182e-03   3.99159e-01
=== cycle 138789  time 1742874.922869  dt 3.47812
   i        T[K]         rho          v_r         rt_de       delta_u
  48  1.5366e+03  6.3935e-10  -9.0309e+05   9.64963e-02  -1.19361e+01
  49  7.2492e+02  5.1230e-10  -8.6641e+05   3.24960e-02  -9.89444e+00
  50  6.7640e+02  3.8425e-10  -8.5045e+05   3.28709e-02  -4.80601e+00
  51  6.2462e+02  2.6383e-10  -8.6126e+05  -1.58307e-02  -3.70375e+00
  52  1.8014e+03  1.3609e-10  -9.7748e+05   6.71713e-03   8.25259e+00
  53  2.0000e+02  2.5660e-11  -2.9638e+06   5.88121e-03   6.35833e+00
  54  2.0000e+02  2.1612e-12  -4.8096e+06   3.94125e-04  -3.23074e+01
  55  2.0000e+02  1.2155e-11  -9.5598e+05   7.59811e-04   4.06352e-01
  56  1.4407e+03  1.5863e-11  -6.1180e+05  -3.48104e-03   8.28477e-01
  57  1.6598e+03  1.3361e-11  -5.3783e+05  -4.90526e-03   5.96363e-01
  58  1.7531e+03  8.8411e-12  -5.1556e+05  -3.27104e-03   4.03516e-01
=== cycle 138790  time 1742878.400987  dt 4.35917
   i        T[K]         rho          v_r         rt_de       delta_u
  48  1.5139e+03  6.3551e-10  -9.0060e+05   1.12116e-01  -1.35136e+01
  49  6.7626e+02  5.0910e-10  -8.6499e+05   4.55197e-02  -1.05062e+01
  50  7.1116e+02  3.8179e-10  -8.4872e+05   2.95955e-02  -5.20595e+00
  51  7.1797e+02  2.6107e-10  -8.6410e+05  -1.81428e-02  -3.48458e+00
  52  1.8917e+03  1.3292e-10  -1.0439e+06   3.66307e-04   5.19236e+01
  53  2.0000e+02  1.9567e-11  -3.2388e+06   5.05428e-03  -4.31420e+01
  54  2.0000e+02  2.5203e-12  -3.9374e+06   6.06192e-04  -2.37918e+01
  55  2.0000e+02  1.2672e-11  -9.1811e+05   5.94742e-04   5.32124e-01
  56  1.4982e+03  1.6239e-11  -5.9696e+05  -3.75553e-03   9.69232e-01
  57  1.6714e+03  1.3596e-11  -5.2569e+05  -5.48231e-03   6.73548e-01
  58  1.7597e+03  8.9844e-12  -5.0406e+05  -3.59651e-03   4.62152e-01
=== cycle 138791  time 1742882.760159  dt 4.67518
   i        T[K]         rho          v_r         rt_de       delta_u
  48  1.4528e+03  6.3070e-10  -8.9749e+05   1.43279e-01  -1.87399e+01
  49  6.7914e+02  5.0519e-10  -8.6377e+05   5.79887e-02  -1.01412e+01
  50  7.1410e+02  3.7865e-10  -8.4894e+05   3.58672e-02  -6.92972e+00
  51  9.6619e+02  2.5779e-10  -8.6659e+05  -4.39994e-02  -4.80131e-01
  52  2.0955e+03  1.2805e-10  -1.1612e+06  -2.11752e-02   1.04703e+02
  53  2.0000e+02  1.2925e-11  -3.6057e+06   4.44791e-03  -6.23059e+01
  54  2.0000e+02  3.0129e-12  -3.1545e+06   1.09407e-03  -1.91789e+01
  55  2.0000e+02  1.3326e-11  -8.7211e+05   1.09842e-03   7.87075e-01
  56  1.5314e+03  1.6725e-11  -5.8107e+05  -4.36137e-03   1.19119e+00
  57  1.6853e+03  1.3902e-11  -5.1051e+05  -6.54457e-03   8.93729e-01
  58  1.7680e+03  9.1734e-12  -4.8973e+05  -4.23379e-03   6.15628e-01
=== cycle 138792  time 1742887.435335  dt 3.69710
   i        T[K]         rho          v_r         rt_de       delta_u
  48  1.3866e+03  6.2556e-10  -8.9446e+05   1.66699e-01  -1.95835e+01
  49  6.7307e+02  5.0118e-10  -8.6249e+05   7.78095e-02  -1.06641e+01
  50  7.4766e+02  3.7524e-10  -8.5056e+05   2.74789e-02  -6.27603e+00
  51  1.4537e+03  2.5432e-10  -8.7118e+05  -1.96624e-01   6.36595e+00
  52  2.4329e+03  1.1964e-10  -1.2877e+06  -2.13964e-02   1.12027e+02
  53  2.0000e+02  8.1970e-12  -4.5866e+06   3.39927e-03   5.76012e+01
  54  2.0000e+02  3.6581e-12  -2.4737e+06   1.83532e-03  -1.53600e+01
  55  2.3249e+02  1.4043e-11  -8.2805e+05   3.06505e-03   1.04911e+00
  56  1.5623e+03  1.7263e-11  -5.6404e+05  -2.79199e-03   1.34716e+00
  57  1.6987e+03  1.4246e-11  -4.9431e+05  -5.50645e-03   1.00281e+00
  58  1.7760e+03  9.3881e-12  -4.7425e+05  -3.60147e-03   6.89559e-01
=== cycle 138793  time 1742891.132435  dt 2.80900
   i        T[K]         rho          v_r         rt_de       delta_u
  48  1.3314e+03  6.2146e-10  -8.9223e+05   1.53178e+00  -1.38137e+01
  49  6.6183e+02  4.9822e-10  -8.6176e+05   1.19342e-01  -7.74233e+00
  50  7.9366e+02  3.7254e-10  -8.5235e+05   7.91185e-02  -4.40979e+00
  51  1.7173e+03  2.5112e-10  -8.7985e+05  -2.34796e+01  -1.34944e+01
  52  6.6224e+03  1.1154e-10  -1.3931e+06  -3.00560e+00   1.26708e+02
  53  2.0000e+02  5.6170e-12  -6.0690e+06   5.84389e-03   1.42268e+02
  54  2.0000e+02  4.3899e-12  -2.0002e+06   5.27026e-03  -7.91367e+00
  55  4.1577e+02  1.4627e-11  -7.9693e+05   2.96476e-02   1.05495e+00
  56  1.5847e+03  1.7702e-11  -5.5060e+05   1.11248e+00   2.23123e+00
  57  1.7086e+03  1.4529e-11  -4.8156e+05   6.98901e-01   1.52902e+00
  58  1.7819e+03  9.5669e-12  -4.6197e+05   3.41918e-01   9.12468e-01
=== cycle 138794  time 1742893.941436  dt 2.15820
   i        T[K]         rho          v_r         rt_de       delta_u
  48  1.4266e+03  6.1837e-10  -8.9050e+05   3.34705e+00  -4.94967e+00
  49  6.6296e+02  4.9606e-10  -8.6136e+05   9.75318e-02  -5.57686e+00
  50  8.2488e+02  3.7048e-10  -8.5343e+05   8.30640e-02  -3.44575e+00
  51  1.5554e+03  2.4844e-10  -8.9121e+05  -1.75222e+01  -7.29250e+00
  52  7.4529e+03  1.0520e-10  -1.4831e+06  -5.15720e+00   1.63574e+02
  53  2.0000e+02  4.0008e-12  -7.9298e+06   4.17092e-03   1.79895e+02
  54  2.0000e+02  5.0664e-12  -1.7561e+06   5.39753e-03  -2.45135e+00
  55  6.3415e+02  1.5081e-11  -7.7553e+05   6.08940e-03   9.47602e-01
  56  1.7489e+03  1.8043e-11  -5.4031e+05   2.15562e+00   3.81155e+00
  57  1.7743e+03  1.4750e-11  -4.7175e+05   8.73055e-01   1.88735e+00
  58  1.8105e+03  9.7081e-12  -4.5260e+05   3.67321e-01   9.39177e-01
=== cycle 138795  time 1742896.099635  dt 1.65326
   i        T[K]         rho          v_r         rt_de       delta_u
  48  1.5884e+03  6.1602e-10  -8.8900e+05   5.86109e+00   4.08081e+00
  49  6.6696e+02  4.9443e-10  -8.6117e+05   7.92066e-02  -4.03338e+00
  50  8.3384e+02  3.6890e-10  -8.5402e+05   7.06988e-02  -2.93683e+00
  51  1.5916e+03  2.4627e-10  -9.0157e+05  -1.82451e+01  -4.18978e+00
  52  7.9960e+03  1.0018e-10  -1.5713e+06  -5.78113e+00   2.28615e+02
  53  2.0000e+02  2.8777e-12  -1.0383e+07   2.61933e-03   2.38282e+02
  54  2.0000e+02  5.6720e-12  -1.6271e+06   4.98599e-03  -3.01821e-01
  55  8.1171e+02  1.5434e-11  -7.6035e+05   7.22297e-03   8.45222e-01
  56  1.8635e+03  1.8309e-11  -5.3224e+05   3.03876e+00   5.23267e+00
  57  1.8214e+03  1.4924e-11  -4.6406e+05   8.83206e-01   1.85487e+00
  58  1.8322e+03  9.8196e-12  -4.4536e+05   3.50287e-01   8.49817e-01
=== cycle 138796  time 1742897.752890  dt 1.24637
   i        T[K]         rho          v_r         rt_de       delta_u
  48  1.7006e+03  6.1424e-10  -8.8767e+05   9.38837e+00   1.12701e+01
  49  6.6493e+02  4.9321e-10  -8.6103e+05   6.69298e-02  -3.02953e+00
  50  8.4502e+02  3.6768e-10  -8.5444e+05   6.24611e-02  -2.31189e+00
  51  1.6014e+03  2.4451e-10  -9.1133e+05  -1.83850e+01  -1.44037e+00
  52  8.6746e+03  9.6341e-11  -1.6608e+06  -7.07155e+00   3.38278e+02
  53  2.0000e+02  2.0658e-12  -1.3806e+07   1.55486e-03   3.50271e+02
  54  2.0000e+02  6.1864e-12  -1.5521e+06   4.48538e-03   3.83301e-01
  55  1.0278e+03  1.5707e-11  -7.4954e+05   2.19983e-02   7.76246e-01
  56  1.9624e+03  1.8515e-11  -5.2579e+05   4.17093e+00   6.87034e+00
  57  1.8565e+03  1.5060e-11  -4.5813e+05   9.07500e-01   1.76661e+00
  58  1.8493e+03  9.9068e-12  -4.3979e+05   3.49036e-01   7.57379e-01
=== cycle 138797  time 1742898.999259  dt 0.94900
   i        T[K]         rho          v_r         rt_de       delta_u
  48  1.7952e+03  6.1291e-10  -8.8650e+05   1.37948e+01   1.95819e+01
  49  6.6438e+02  4.9230e-10  -8.6095e+05   5.74581e-02  -2.21776e+00
  50  8.5524e+02  3.6675e-10  -8.5478e+05   6.01245e-02  -1.73095e+00
  51  1.6404e+03  2.4314e-10  -9.2111e+05  -1.94838e+01   5.65445e-01
  52  1.0007e+04  9.3463e-11  -1.7483e+06  -1.15953e+01   4.82126e+02
  53  2.0000e+02  1.5134e-12  -1.8164e+07   9.79547e-04   4.64796e+02
  54  2.0000e+02  6.5912e-12  -1.5041e+06   4.03070e-03   4.63957e-01
  55  1.2932e+03  1.5912e-11  -7.4203e+05   8.76420e-01   1.57924e+00
  56  2.0829e+03  1.8672e-11  -5.2067e+05   6.04610e+00   9.44664e+00
  57  1.8871e+03  1.5164e-11  -4.5360e+05   9.93845e-01   1.75721e+00
  58  1.8646e+03  9.9737e-12  -4.3552e+05   4.09043e-01   7.43171e-01
=== cycle 138798  time 1742899.948256  dt 0.74492
   i        T[K]         rho          v_r         rt_de       delta_u
  48  1.9363e+03  6.1190e-10  -8.8546e+05   9.34028e+01   1.19245e+02
  49  6.6441e+02  4.9162e-10  -8.6090e+05   7.71717e-02  -1.61889e+00
  50  8.6583e+02  3.6605e-10  -8.5507e+05   1.46982e-01  -1.16016e+00
  51  1.6605e+03  2.4236e-10  -9.3344e+05  -2.01397e+01   4.52012e+00
  52  1.9733e+04  9.1030e-11  -1.8280e+06  -2.24498e+02   3.59200e+02
  53  2.0000e+02  1.1508e-12  -2.3168e+07   1.16212e-03   5.53714e+02
  54  2.0000e+02  6.9056e-12  -1.4711e+06   6.50426e-03   4.08026e-01
  55  1.6917e+03  1.6073e-11  -7.3878e+05   2.11986e+00   3.44777e+00
  56  5.5471e+03  1.8781e-11  -5.1513e+05   2.07226e+01   2.77357e+01
  57  1.9389e+03  1.5249e-11  -4.4983e+05   6.56682e+00   7.88492e+00
  58  1.8928e+03  1.0025e-11  -4.3221e+05   3.99731e+00   4.49451e+00
=== cycle 138799  time 1742900.693172  dt 0.60678
   i        T[K]         rho          v_r         rt_de       delta_u
  48  2.1273e+03  6.1111e-10  -8.8432e+05   6.23120e+01   1.17505e+02
  49  6.6766e+02  4.9109e-10  -8.6086e+05   5.12936e-02  -1.21183e+00
  50  8.8800e+02  3.6551e-10  -8.5536e+05   1.00764e-01  -6.91833e-01
  51  1.6304e+03  2.4177e-10  -9.4453e+05  -1.90562e+01  -2.16755e+00
  52  1.5353e+04  8.9049e-11  -1.9075e+06  -5.55525e+01   4.30757e+02
  53  2.0000e+02  9.1182e-13  -2.8466e+07   5.72089e-04   6.06919e+02
  54  2.0000e+02  7.1571e-12  -1.4467e+06   3.95946e-03   3.44373e-01
  55  1.8498e+03  1.6206e-11  -7.3947e+05   4.54917e+00   6.84552e+00
  56  7.1891e+03  1.8835e-11  -5.0952e+05   6.23284e+00   1.97747e+01
  57  2.5103e+03  1.5338e-11  -4.4550e+05   9.52436e+00   1.43908e+01
  58  2.2483e+03  1.0066e-11  -4.2928e+05   1.26951e+00   4.26687e+00
=== cycle 138800  time 1742901.299955  dt 0.52556
   i        T[K]         rho          v_r         rt_de       delta_u
  48  2.2460e+03  6.1047e-10  -8.8310e+05   2.74369e+02   3.58953e+02
  49  6.7711e+02  4.9065e-10  -8.6099e+05   1.48503e-01  -5.00783e-01
  50  9.5961e+02  3.6508e-10  -8.5553e+05   9.77443e-01   1.28139e+00
  51  1.6325e+03  2.4147e-10  -9.5833e+05  -1.90943e+01   2.14287e+00
  52  2.8261e+04  8.7186e-11  -1.9764e+06  -6.25838e+02  -1.19540e+02
  53  2.0000e+02  7.6565e-13  -3.2881e+07   1.94724e-03   5.55765e+02
  54  2.0000e+02  7.3665e-12  -1.4275e+06   1.77093e-02   2.96317e-01
  55  2.0252e+03  1.6315e-11  -7.4070e+05   9.47962e+00   1.34260e+01
  56  7.6056e+03  1.8888e-11  -5.0678e+05   4.70697e+01   6.55677e+01
  57  6.6509e+03  1.5396e-11  -4.4022e+05   2.45795e+01   3.28210e+01
  58  5.7988e+03  1.0098e-11  -4.2532e+05   1.02547e+01   1.42549e+01
