   cycle        dt        T[K]         rho          v_r        e_int       delta_u       rt_src        rt_de        rt_Fb        rt_Ft        rt_Em  rt_clip     T[i-4]     T[i-2]     T[i+2]     T[i+4]
  138679    9.7953  3.6380e+02  6.7773e-11  -6.4268e+05   2.0152e+00  -5.97994e+00   2.5056e-03   1.2068e-02   1.5154e+09   1.5152e+09   4.7433e-05    0.000       1132      613.9        200        200
  138684   10.0591  2.9254e+02  5.7083e-11  -6.6394e+05   1.3641e+00  -5.71890e+00   1.4942e-03   7.4760e-03   1.5197e+09   1.5196e+09   2.9411e-05    0.000       1086      518.9        200        200
  138689    9.8030  2.8362e+02  4.7348e-11  -6.8790e+05   1.0864e+00  -4.86301e+00   8.8295e-04   4.3826e-03   1.5239e+09   1.5238e+09   6.5431e-04    0.000       1034      321.7        200        200
  138694    8.6760  5.7324e+02  3.9336e-11  -6.8738e+05   1.8816e+00  -4.05888e+00   2.6418e-04   1.1285e-03   1.5279e+09   1.5279e+09   5.0448e-04    0.000      985.6        432      407.5      499.6
  138699    8.6461  9.0082e+02  3.1963e-11  -6.7264e+05   2.3817e+00  -3.83163e+00   1.0638e-04   4.5896e-04   1.5316e+09   1.5316e+09   6.7419e-04    0.000      906.1        590      529.5      833.6
  138704    9.0361  9.6957e+02  2.6026e-11  -6.6334e+05   2.1009e+00  -3.03132e+00   1.8464e-05   8.2403e-05   1.5358e+09   1.5358e+09   7.2115e-04    0.000        863      505.1      473.3      989.6
  138709    9.2914  9.4402e+02  2.1784e-11  -6.5049e+05   1.6872e+00  -2.05893e+00   4.4243e-05   2.0592e-04   1.5410e+09   1.5410e+09   5.1999e-04    0.000      775.7      422.8      538.4      980.3
  138714    9.2518  9.1686e+02  1.9383e-11  -6.3223e+05   1.4758e+00  -1.03629e+00   6.8956e-05   3.1244e-04   1.5460e+09   1.5460e+09   4.3667e-04    0.000        713      398.8      584.6      981.6
  138719    9.2278  9.2177e+02  1.8035e-11  -6.2268e+05   1.3830e+00  -6.34827e-01   6.0339e-05   2.8036e-04   1.5508e+09   1.5508e+09   4.2416e-04    0.000      597.9      453.3      655.2      989.3
  138724    9.6069  9.5884e+02  1.7178e-11  -6.2107e+05   1.3726e+00  -3.74537e-01   6.2780e-05   2.9825e-04   1.5560e+09   1.5560e+09   5.0201e-04    0.000      428.3      867.4      771.9       1022
  138729    9.7267  1.0437e+03  1.6537e-11  -6.3094e+05   1.4417e+00  -3.32199e-01  -1.1518e-04  -5.6199e-04   1.5619e+09   1.5619e+09   7.4490e-04    0.000      240.6       1075      751.5       1051
  138734    9.1964  1.0793e+03  1.5720e-11  -6.3558e+05   1.4194e+00  -5.17947e-01  -1.2973e-04  -5.9867e-04   1.5671e+09   1.5671e+09   7.9505e-04    0.000      316.7       1197        840       1091
  138739    9.2016  1.0508e+03  1.4563e-11  -6.3437e+05   1.2829e+00  -7.81543e-01  -7.0630e-05  -3.2457e-04   1.5734e+09   1.5734e+09   7.0380e-04    0.000      365.9       1257      874.9       1123
  138744    9.0677  9.7911e+02  1.3144e-11  -6.2595e+05   1.0746e+00  -8.64357e-01   1.1601e-05   5.1944e-05   1.5801e+09   1.5801e+09   5.5293e-04    0.000      657.2       1276      960.7       1158
  138749    9.4640  9.5443e+02  1.1538e-11  -6.1934e+05   9.1820e-01  -9.31873e-01   5.4361e-06   2.5379e-05   1.5845e+09   1.5845e+09   4.8896e-04    0.000      774.3       1196       1020       1183
  138754    9.3395  9.6811e+02  9.9399e-12  -6.1002e+05   8.0231e-01  -8.66549e-01  -2.1943e-05  -1.0164e-04   1.5925e+09   1.5925e+09   4.9622e-04    0.000      939.5       1150       1097       1208
  138759    9.3830  9.9534e+02  8.5056e-12  -6.0377e+05   7.0648e-01  -7.40343e-01  -7.8602e-05  -3.6364e-04   1.5996e+09   1.5996e+09   4.9941e-04    0.000       1052       1051       1147       1227
  138764    8.9673  1.0840e+03  7.3423e-12  -5.9918e+05   6.6720e-01  -5.66838e-01  -1.7772e-04  -7.9039e-04   1.6067e+09   1.6067e+09   6.0576e-04    0.000       1226      998.2       1194       1245
  138769    8.9154  1.3251e+03  6.4302e-12  -6.1134e+05   7.3918e-01  -3.95541e-01  -6.2759e-04  -2.7486e-03   1.6127e+09   1.6127e+09   1.4150e-03    0.000       1397      949.3       1224       1259
  138774    9.6190  1.5409e+03  5.6805e-12  -6.4358e+05   9.9880e-01  -2.89383e-01  -8.5763e-04  -4.0461e-03   1.6214e+09   1.6215e+09   1.7947e-03    0.000       1450       1026       1255       1274
  138779    9.7044  1.6263e+03  5.0277e-12  -6.8292e+05   1.2579e+00  -2.76646e-01  -8.1941e-04  -3.9152e-03   1.6300e+09   1.6300e+09   1.7146e-03    0.000       1458       1213       1279       1286
  138784    9.7776  1.6555e+03  4.4843e-12  -7.1354e+05   1.3388e+00  -2.45639e-01  -8.6767e-04  -4.2143e-03   1.6400e+09   1.6401e+09   1.6982e-03    0.000       1466       1400       1334       1298
  138789    9.8996  1.6689e+03  4.0815e-12  -7.3003e+05   1.3407e+00  -1.81728e-01  -8.8176e-04  -4.3288e-03   1.6486e+09   1.6486e+09   1.6118e-03    0.000       1318       1494       1362       1307
  138794    9.3367  1.6790e+03  3.8039e-12  -7.3080e+05   1.3447e+00  -1.24790e-01  -8.3756e-04  -3.8308e-03   1.6596e+09   1.6597e+09   1.5448e-03    0.000       1136       1529       1380       1315
  138799    9.5447  1.6886e+03  3.5914e-12  -7.1224e+05   1.3180e+00  -1.68941e-01  -8.0325e-04  -3.7729e-03   1.6697e+09   1.6697e+09   1.4872e-03    0.000       1129       1570       1391       1323
  138804    9.7991  1.6439e+03  3.3894e-12  -6.5966e+05   1.0374e+00  -1.43152e-01  -6.9315e-04  -3.3333e-03   1.6814e+09   1.6815e+09   1.3217e-03    0.000       1191       1679       1399       1332
  138809    9.8785  1.6332e+03  3.3196e-12  -6.0895e+05   9.6518e-01  -1.63133e-02  -6.5779e-04  -3.2162e-03   1.6925e+09   1.6926e+09   1.2729e-03    0.000       1369       1762       1402       1339
  138810    9.7631  1.6348e+03  3.3244e-12  -6.0125e+05   9.7391e-01   1.21199e-02  -6.6091e-04  -3.2220e-03   1.6945e+09   1.6946e+09   1.2761e-03    0.000       1411       1773       1402       1340
  138811    9.4411  1.6353e+03  3.3373e-12  -5.9413e+05   9.8004e-01   3.37136e-02  -6.6173e-04  -3.1888e-03   1.6972e+09   1.6972e+09   1.2816e-03    0.000       1455       1783       1402       1342
  138812    9.5135  1.6373e+03  3.3560e-12  -5.8794e+05   9.9389e-01   6.00322e-02  -6.6676e-04  -3.1087e-03   1.6997e+09   1.6997e+09   1.2924e-03    0.000       1492       1791       1403       1343
  138813    9.5992  1.6405e+03  3.3792e-12  -5.8232e+05   1.0160e+00   8.27619e-02  -6.7500e-04  -3.1713e-03   1.7021e+09   1.7022e+09   1.3076e-03    0.000       1525       1799       1403       1344
  138814    9.7122  1.6451e+03  3.4052e-12  -5.7717e+05   1.0471e+00   1.02491e-01  -6.8613e-04  -3.2529e-03   1.7046e+09   1.7047e+09   1.3270e-03    0.000       1554       1804       1404       1345
  138815    9.8588  1.6512e+03  3.4331e-12  -5.7248e+05   1.0882e+00   1.21178e-01  -7.0016e-04  -3.3589e-03   1.7071e+09   1.7072e+09   1.3504e-03    0.000       1579       1818       1405       1346
  138816    9.9564  1.6612e+03  3.4622e-12  -5.6806e+05   1.1399e+00   1.38435e-01  -7.0103e-04  -3.4153e-03   1.7096e+09   1.7097e+09   1.3634e-03    0.000       1598       1826       1400       1347
  138817    9.8553  1.6704e+03  3.4916e-12  -5.6396e+05   1.2067e+00   1.58946e-01  -7.1838e-04  -3.5354e-03   1.7121e+09   1.7122e+09   1.3946e-03    0.000       1616       1832       1401       1347
  138818    9.7302  1.6813e+03  3.5203e-12  -5.6021e+05   1.2962e+00   1.84070e-01  -7.3240e-04  -3.5698e-03   1.7146e+09   1.7146e+09   1.4301e-03    0.000       1627       1835       1402       1348
  138819    9.2855  1.6944e+03  3.5480e-12  -5.5741e+05   1.3938e+00   1.95584e-01  -7.4306e-04  -3.5784e-03   1.7170e+09   1.7170e+09   1.4613e-03    0.000       1643       1837       1401       1348
  138820    9.2591  1.7072e+03  3.5727e-12  -5.5552e+05   1.5095e+00   2.11121e-01  -7.4291e-04  -3.4179e-03   1.7192e+09   1.7192e+09   1.4738e-03    0.000       1655       1837       1402       1349
  138821    9.2819  1.7186e+03  3.5978e-12  -5.5399e+05   1.6097e+00   2.02464e-01  -7.1361e-04  -3.2761e-03   1.7217e+09   1.7218e+09   1.4590e-03    0.000       1673       1837       1401       1350
  138822    9.1306  1.7304e+03  3.6253e-12  -5.5254e+05   1.7366e+00   2.42276e-01  -7.1649e-04  -3.2992e-03   1.7243e+09   1.7244e+09   1.4582e-03    0.000       1690       1837       1403       1351
  138823    9.2574  1.7440e+03  3.6541e-12  -5.5116e+05   1.8757e+00   2.65120e-01  -7.1319e-04  -3.2330e-03   1.7269e+09   1.7269e+09   1.4500e-03    0.000       1705       1838       1403       1352
  138824    9.3550  1.7581e+03  3.6848e-12  -5.4988e+05   2.0467e+00   3.11966e-01  -7.2189e-04  -3.3194e-03   1.7294e+09   1.7295e+09   1.4543e-03    0.000       1720       1838       1404       1353
  138825    9.5447  1.7740e+03  3.7168e-12  -5.4867e+05   2.2381e+00   3.47637e-01  -7.2440e-04  -3.3678e-03   1.7320e+09   1.7320e+09   1.4519e-03    0.000       1733       1844       1404       1354
  138826    9.6285  1.7907e+03  3.7497e-12  -5.4759e+05   2.5136e+00   4.49514e-01  -7.6769e-04  -3.6429e-03   1.7345e+09   1.7346e+09   1.4597e-03    0.000       1744       1860       1406       1355
  138827    9.6962  1.8194e+03  3.7824e-12  -5.4663e+05   2.8660e+00   5.42875e-01  -7.8840e-04  -3.7768e-03   1.7371e+09   1.7371e+09   1.4697e-03    0.000       1755       1871       1407       1356
  138828    9.6888  1.8439e+03  3.8137e-12  -5.4573e+05   3.2464e+00   5.87708e-01  -8.1298e-04  -3.9238e-03   1.7396e+09   1.7397e+09   1.4897e-03    0.000       1765       1881       1409       1356
  138829    9.6858  1.8685e+03  3.8434e-12  -5.4501e+05   3.6650e+00   6.50644e-01  -8.5824e-04  -4.1407e-03   1.7423e+09   1.7423e+09   1.5343e-03    0.000       1775       1890       1414       1356
  138830    9.6846  1.8962e+03  3.8678e-12  -5.4394e+05   4.1182e+00   6.95325e-01  -9.0024e-04  -4.3435e-03   1.7448e+09   1.7449e+09   1.5816e-03    0.000       1785       1898       1417       1356
  138831    9.6943  1.9248e+03  3.8848e-12  -5.4281e+05   4.5797e+00   7.02777e-01  -8.1049e-04  -3.9133e-03   1.7477e+09   1.7478e+09   1.3674e-03    0.000       1798       1907       1418       1356
  138832    9.4705  1.9563e+03  3.8944e-12  -5.4140e+05   5.0701e+00   7.34358e-01  -7.3409e-04  -3.5501e-03   1.7507e+09   1.7508e+09   1.1899e-03    0.000       1809       1915       1421       1357
  138833    9.1555  1.9937e+03  3.8973e-12  -5.3968e+05   5.5630e+00   7.35994e-01  -6.7990e-04  -3.2137e-03   1.7537e+09   1.7538e+09   1.0607e-03    0.000       1820       1925       1422       1357
  138834    9.2225  2.0413e+03  3.8940e-12  -5.3767e+05   6.0544e+00   7.25614e-01  -6.5619e-04  -2.9994e-03   1.7566e+09   1.7566e+09   9.8238e-04    0.000       1830       1935       1425       1358
  138835    9.2036  2.1185e+03  3.8837e-12  -5.3514e+05   6.5503e+00   7.23305e-01  -6.5612e-04  -3.0216e-03   1.7595e+09   1.7595e+09   9.3226e-04    0.000       1840       1946       1427       1358
  138836    9.2741  2.4259e+03  3.8674e-12  -5.3122e+05   7.0459e+00   7.12821e-01  -7.3391e-04  -3.3729e-03   1.7624e+09   1.7625e+09   1.0034e-03    0.000       1851       1952       1430       1359
  138837    9.3354  3.7580e+03  3.8441e-12  -5.2195e+05   7.5181e+00   6.70807e-01  -1.8504e-03  -8.5573e-03   1.7661e+09   1.7662e+09   2.1923e-03    0.000       1861       1962       1431       1360
  138838    9.3792  4.8852e+03  3.8105e-12  -5.0681e+05   7.9084e+00   5.62565e-01  -1.6678e-02  -7.6099e-02   1.7728e+09   1.7740e+09   1.9489e-02    0.000       1871       1976       1438       1366
  138839    9.4192  5.3058e+03  3.7699e-12  -4.9028e+05   8.1499e+00   4.08694e-01  -4.3142e-02  -1.9124e-01   1.7779e+09   1.7811e+09   5.0097e-02    0.000       1884       2008       1473       1410
  138840    9.4671  5.4362e+03  3.7282e-12  -4.7538e+05   8.2886e+00   3.21508e-01  -5.7310e-02  -2.5078e-01   1.7808e+09   1.7850e+09   6.6060e-02    0.000       1904       2041       1519       1462
  138841    9.5469  5.5123e+03  3.6881e-12  -4.6005e+05   8.3639e+00   2.76518e-01  -6.7283e-02  -2.9239e-01   1.7835e+09   1.7885e+09   7.7052e-02    0.000       1926       2079       1557       1504
  138842    9.6446  5.5782e+03  3.6424e-12  -4.4733e+05   8.3990e+00   2.45512e-01  -7.7121e-02  -3.3387e-01   1.7861e+09   1.7918e+09   8.7867e-02    0.000       1953       2132       1588       1537
  138843    9.7690  5.6342e+03  3.5898e-12  -4.3685e+05   8.4032e+00   2.19108e-01  -8.6009e-02  -3.7182e-01   1.7887e+09   1.7950e+09   9.7584e-02    0.000       1984       2298       1615       1565
  138844    9.7783  5.6836e+03  3.5306e-12  -4.2833e+05   8.3868e+00   2.01766e-01  -9.3495e-02  -4.0471e-01   1.7919e+09   1.7988e+09   1.0650e-01    0.000       2018       3821       1640       1590
  138845    9.7231  5.7278e+03  3.4672e-12  -4.2168e+05   8.3524e+00   1.84456e-01  -1.0081e-01  -4.3260e-01   1.7955e+09   1.8029e+09   1.1466e-01    0.000       2054       4782       1662       1612
  138846    9.7793  5.7672e+03  3.4010e-12  -4.1671e+05   8.3019e+00   1.66398e-01  -1.0803e-01  -4.5724e-01   1.7976e+09   1.8056e+09   1.2202e-01    0.000       2181       3397       1684       1633
  138847    9.8388  5.8038e+03  3.3308e-12  -4.1309e+05   8.2425e+00   1.53685e-01  -1.1301e-01  -4.7667e-01   1.8010e+09   1.8093e+09   1.2887e-01    0.000       2883       3967       1703       1651
  138848    9.9124  5.8394e+03  3.2575e-12  -4.1043e+05   8.1596e+00   1.29420e-01  -1.1969e-01  -5.0311e-01   1.8036e+09   1.8124e+09   1.3536e-01    0.000       4056       4841       1724       1670
  138849   10.0112  5.8628e+03  3.1866e-12  -4.0838e+05   8.0688e+00   1.28957e-01  -1.2217e-01  -5.1388e-01   1.8062e+09   1.8151e+09   1.3881e-01    0.000       3957       5379       1742       1686
  138850    9.8690  5.8862e+03  3.1186e-12  -4.0682e+05   7.9815e+00   1.35739e-01  -1.2363e-01  -5.2129e-01   1.8099e+09   1.8190e+09   1.4243e-01    0.000       4188       5736       1762       1702
  138851    9.3903  5.9075e+03  3.0550e-12  -4.0514e+05   7.9061e+00   1.41439e-01  -1.2316e-01  -5.1040e-01   1.8145e+09   1.8236e+09   1.4564e-01    0.000       4119       6065       1782       1719
  138852    8.5945  5.9264e+03  2.9954e-12  -4.0416e+05   7.8510e+00   9.88435e-02  -1.0461e-01  -4.1400e-01   1.8495e+09   1.8572e+09   1.4845e-01    0.000       4095       6423       1806       1739
  138853    7.5338  5.9416e+03  2.9418e-12  -4.0439e+05   7.7886e+00  -6.72320e-03  -9.5133e-02  -3.4829e-01   1.8631e+09   1.8701e+09   1.5027e-01    0.000       4123       6876       1852       1773
  138854    5.6291  5.9527e+03  2.8969e-12  -4.0646e+05   7.7547e+00  -5.60823e-02  -8.0553e-02  -2.6298e-01   1.8748e+09   1.8807e+09   1.5127e-01    0.000       4232       7616       1904       1805
  138859    0.9173  1.8616e+05  2.6662e-12  -6.0253e+05   1.9113e+02   9.11421e+01   2.6808e+07   7.2598e+01   2.1752e+16   1.9785e+16   1.1103e+06    1.000   1.03e+05  9.856e+05  4.792e+04  2.131e+04
  138864    0.2199  8.8816e+06  2.3230e-12  -2.1576e+06   5.1782e+03   2.49998e+03   2.9676e+13   1.9625e+03   2.0922e+22   1.8745e+22   9.7180e+12    1.000  5.914e+06  3.012e+07  4.463e+06  2.616e+06
  138869    0.1845  1.3962e+07  2.0567e-12  -6.0497e+06   5.5852e+03  -1.98129e+02   9.0059e+12   1.5811e+02   3.0424e+22   2.9764e+22   7.5194e+13    0.000  1.631e+07    2.8e+07  1.281e+07  1.304e+07
  138874    0.1948  1.3219e+07  1.7359e-12  -9.2103e+06   4.5400e+03  -1.57984e+02   8.9558e+12   2.0384e+02  -4.2382e+22  -4.3039e+22   4.6505e+13    0.000  1.589e+07   2.36e+07  1.323e+07  1.302e+07
  138879    0.2084  1.1725e+07  1.4145e-12  -1.1906e+07   3.1522e+03  -1.93936e+02   1.1779e+12   4.0255e+01  -3.0521e+22  -3.0607e+22   2.2563e+13    0.000  1.376e+07  1.474e+07  1.175e+07  1.179e+07
  138884    0.1365  9.9521e+06  1.2026e-12  -1.4010e+07   2.2694e+03  -1.40510e+02  -3.0068e+11  -1.7433e+01  -1.2037e+22  -1.2015e+22   9.7016e+12    0.000  1.109e+07  1.125e+07  9.988e+06  1.014e+07
  138889    0.1162  8.4371e+06  1.0990e-12  -1.4051e+07   1.7745e+03  -8.02469e+01  -1.3917e+11  -1.4387e+01  -8.5334e+19  -7.5125e+19   4.2661e+12    0.000  8.563e+06  8.801e+06  8.456e+06  8.559e+06
  138894    0.1066  7.3386e+06  1.0518e-12  -1.3726e+07   1.4873e+03  -5.10075e+01  -9.7459e+10  -1.6390e+01   2.6957e+21   2.7029e+21   2.2064e+12    0.000  6.883e+06  7.221e+06  7.269e+06  7.302e+06
  138899    0.1019  6.4087e+06  1.0325e-12  -1.2967e+07   1.2853e+03  -3.63640e+01  -6.9291e+10  -1.7961e+01   2.8611e+21   2.8661e+21   1.2383e+12    0.000  5.825e+06  6.108e+06  6.309e+06  6.329e+06
  138904    0.1004  5.7042e+06  1.0664e-12  -1.0546e+07   1.1831e+03  -1.77543e+01  -7.4611e+10  -2.8559e+01   2.4345e+21   2.4400e+21   7.7648e+11    0.000  5.102e+06  5.422e+06  5.519e+06  5.543e+06
  138909    0.1013  5.2600e+06  1.2517e-12  -2.4735e+06   1.2729e+03   3.45419e+01  -1.1195e+11  -5.8369e+01   1.9254e+21   1.9336e+21   6.1794e+11    0.000  4.548e+06  4.914e+06  4.878e+06  4.903e+06
  138914    0.1043  4.7440e+06  1.8930e-12   1.2898e+07   1.7399e+03   2.06787e+02  -1.3689e+11  -9.4247e+01   1.4750e+21   1.4851e+21   6.4242e+11    0.000   4.18e+06  4.461e+06  4.354e+06  4.364e+06
  138919    0.1092  4.0420e+06  3.2844e-12   2.9097e+07   2.5976e+03   5.80961e+02  -1.5037e+11  -1.3563e+02   1.1299e+21   1.1409e+21   7.3557e+11    0.000  3.678e+06  3.886e+06  3.879e+06  3.869e+06
  138924    0.1161  3.3318e+06  5.2535e-12   4.1868e+07   3.4505e+03   9.58299e+02  -1.6699e+11  -1.8759e+02   8.6432e+20   8.7657e+20   7.9352e+11    0.000  3.171e+06  3.287e+06  3.472e+06  3.437e+06
  138929    0.1254  2.9331e+06  6.9877e-12   5.1252e+07   4.1292e+03   1.04040e+03  -7.2465e+10  -1.2677e+02   6.7048e+20   6.7580e+20   6.0349e+11    0.000  2.694e+06  2.817e+06    3.2e+06  3.052e+06
  138934    0.1378  2.7663e+06  7.8231e-12   5.7675e+07   4.4161e+03   6.49442e+02  -1.8117e+10  -5.2054e+01   5.2210e+20   5.2343e+20   3.8938e+11    0.000  2.424e+06   2.59e+06  3.086e+06  2.712e+06
  138939    0.1545  2.4525e+06  7.9484e-12   6.2000e+07   4.0086e+03   1.87412e+02  -1.6530e+10  -7.0531e+01   4.0825e+20   4.0946e+20   2.3799e+11    0.000   2.23e+06  2.377e+06  2.549e+06  2.427e+06
  138944    0.1772  2.0149e+06  7.6496e-12   6.4502e+07   3.2202e+03  -1.32966e+02  -1.2089e+10  -7.2508e+01   3.1757e+20   3.1845e+20   1.3566e+11    0.000  1.926e+06  1.985e+06  2.019e+06  2.209e+06
  138949    0.2080  1.7733e+06  7.2528e-12   6.5334e+07   2.7465e+03  -1.79284e+02   1.7745e+08   1.8344e+00   2.4535e+20   2.4534e+20   6.6227e+10    0.000  1.621e+06  1.684e+06  1.915e+06  2.224e+06
  138954    0.2505  1.6304e+06  6.9319e-12   6.4884e+07   2.4159e+03  -2.89425e+02  -6.7160e+08  -1.0888e+01   1.8606e+20   1.8611e+20   3.7296e+10    0.000  1.447e+06  1.555e+06  1.684e+06  1.733e+06
  138959    0.2689  1.3456e+06  7.3665e-12   6.1343e+07   2.1651e+03   4.40488e+01   1.1443e+08   2.8107e+00   1.3887e+20   1.3886e+20   2.1803e+10    0.000   1.26e+06   1.32e+06  1.411e+06  1.486e+06
  138964    0.2776  1.2068e+06  9.4423e-12   5.7250e+07   2.5088e+03   5.32009e+02   3.4708e+08   1.3408e+01   1.0384e+20   1.0381e+20   1.6119e+10    0.000  1.084e+06  1.154e+06  1.256e+06   1.29e+06
  138969    0.2868  1.0427e+06  1.2188e-11   5.3805e+07   2.8161e+03   4.72144e+02  -1.2637e+08  -7.1358e+00   7.6606e+19   7.6615e+19   1.2447e+10    0.000  9.622e+05   1.01e+06  1.066e+06  1.098e+06
  138974    0.2961  9.1352e+05  1.5138e-11   5.0955e+07   3.0874e+03   4.80335e+02  -1.1664e+08  -9.9162e+00   5.5187e+19   5.5195e+19   9.0803e+09    0.000  8.539e+05  8.846e+05  9.353e+05   9.51e+05
  138979    0.3051  8.0458e+05  1.8653e-11   4.8594e+07   3.3809e+03   5.84223e+02  -1.3813e+08  -1.7090e+01   3.8609e+19   3.8619e+19   6.8421e+09    0.000  7.688e+05  7.872e+05  8.178e+05  8.262e+05
  138984    0.3137  7.1533e+05  2.2870e-11   4.6522e+07   3.7247e+03   6.29522e+02  -1.0814e+08  -1.9010e+01   2.6164e+19   2.6172e+19   5.3083e+09    0.000  6.988e+05  7.061e+05  7.237e+05  7.286e+05
  138989    0.3221  6.4133e+05  2.7619e-11   4.4552e+07   4.0790e+03   5.84335e+02  -8.0228e+07  -1.9576e+01   1.7189e+19   1.7195e+19   4.1882e+09    0.000  6.385e+05  6.391e+05  6.454e+05  6.504e+05
  138994    0.3307  5.7847e+05  3.2699e-11   4.2641e+07   4.4073e+03   4.96093e+02  -6.2329e+07  -2.0842e+01   1.1021e+19   1.1025e+19   3.3022e+09    0.000  5.845e+05  5.812e+05  5.773e+05  5.774e+05
  138999    0.3393  5.2300e+05  3.8000e-11   4.0806e+07   4.6893e+03   4.07834e+02  -4.7949e+07  -2.1804e+01   6.9252e+18   6.9287e+18   2.5832e+09    0.000  5.351e+05  5.293e+05  5.194e+05  5.204e+05
  139004    0.3476  4.7421e+05  4.3455e-11   3.9069e+07   4.9262e+03   3.22610e+02  -3.8216e+07  -2.3626e+01   4.2969e+18   4.2997e+18   1.9963e+09    0.000  4.893e+05  4.822e+05  4.679e+05  4.659e+05
  139009    0.3560  4.2943e+05  4.9016e-11   3.7438e+07   5.1053e+03   2.48924e+02  -3.0328e+07  -2.5543e+01   2.6458e+18   2.6480e+18   1.5187e+09    0.000  4.468e+05  4.389e+05   4.22e+05  4.197e+05
  139014    0.3647  3.8911e+05  5.4659e-11   3.5922e+07   5.2394e+03   1.93459e+02  -2.3707e+07  -2.7376e+01   1.6217e+18   1.6234e+18   1.1369e+09    0.000  4.074e+05  3.991e+05  3.805e+05  3.765e+05
  139019    0.3734  3.5219e+05  6.0387e-11   3.4528e+07   5.3292e+03   1.55023e+02  -1.8714e+07  -2.9748e+01   9.8929e+17   9.9066e+17   8.4022e+08    0.000  3.707e+05  3.625e+05  3.428e+05  3.383e+05
  139024    0.3826  3.1843e+05  6.6274e-11   3.3259e+07   5.3880e+03   1.48908e+02  -1.4412e+07  -3.1779e+01   6.0329e+17   6.0435e+17   6.1244e+08    0.000  3.364e+05  3.287e+05  3.087e+05  3.033e+05
  139029    0.3921  2.8748e+05  7.2545e-11   3.2119e+07   5.4353e+03   1.87009e+02  -1.1038e+07  -3.3966e+01   3.6754e+17   3.6835e+17   4.4280e+08    0.000  3.043e+05  2.976e+05  2.777e+05  2.719e+05
  139034    0.4022  2.5920e+05  7.9608e-11   3.1110e+07   5.5009e+03   2.84693e+02  -8.3797e+06  -3.6191e+01   2.2450e+17   2.2512e+17   3.1933e+08    0.000  2.741e+05  2.688e+05  2.495e+05  2.433e+05
  139039    0.4129  2.3336e+05  8.8034e-11   3.0236e+07   5.6145e+03   4.43711e+02  -6.3698e+06  -3.8798e+01   1.3762e+17   1.3809e+17   2.3113e+08    0.000  2.456e+05  2.422e+05   2.24e+05  2.176e+05
  139044    0.4224  2.0971e+05  9.8605e-11   2.9495e+07   5.8085e+03   6.77749e+02  -4.8555e+06  -4.1890e+01   8.4938e+16   8.5294e+16   1.6884e+08    0.000   2.19e+05  2.173e+05  2.008e+05  1.943e+05
  139049    0.4315  1.8799e+05  1.1211e-10   2.8868e+07   6.1033e+03   9.46511e+02  -3.6460e+06  -4.4812e+01   5.2631e+16   5.2898e+16   1.2454e+08    0.000  1.946e+05   1.94e+05  1.797e+05  1.734e+05
  139054    0.4368  1.6892e+05  1.2887e-10   2.8318e+07   6.5142e+03   1.17970e+03  -2.4445e+06  -4.2323e+01   3.2747e+16   3.2927e+16   9.4334e+07    0.000  1.728e+05  1.728e+05  1.619e+05  1.565e+05
  139059    0.4403  1.5426e+05  1.4837e-10   2.7797e+07   7.0651e+03   1.30014e+03  -9.4529e+05  -2.1411e+01   2.0107e+16   2.0177e+16   7.8095e+07    0.000   1.54e+05  1.548e+05  1.511e+05   1.49e+05
  139064    0.4475  1.4228e+05  1.6944e-10   2.7255e+07   7.6547e+03   1.22252e+03  -4.8404e+05  -1.3765e+01   1.2506e+16   1.2542e+16   6.7374e+07    0.000  1.381e+05  1.396e+05  1.437e+05  1.455e+05
  139069    0.4554  1.3195e+05  1.9029e-10   2.6666e+07   8.1949e+03   9.55946e+02  -2.3828e+05  -8.3962e+00   7.8128e+15   7.8303e+15   5.8206e+07    0.000  1.246e+05  1.269e+05  1.374e+05  1.424e+05
  139074    0.4630  1.2332e+05  2.0909e-10   2.6034e+07   8.6384e+03   5.83819e+02  -1.7489e+04  -7.4985e-01   4.8514e+15   4.8527e+15   5.0397e+07    0.000  1.131e+05  1.166e+05  1.317e+05  1.398e+05
  139079    0.4710  1.1589e+05  2.2461e-10   2.5374e+07   8.9443e+03   2.02106e+02   1.5813e+05   8.1962e+00   2.9628e+15   2.9512e+15   4.3126e+07    0.000  1.034e+05   1.08e+05  1.261e+05  1.365e+05
  139084    0.4791  1.0899e+05  2.3659e-10   2.4706e+07   9.0956e+03  -9.67951e+01   3.8937e+05   2.4681e+01   1.6941e+15   1.6656e+15   3.5816e+07    0.000  9.536e+04  1.006e+05  1.199e+05  1.315e+05
  139089    0.4872  1.0311e+05  2.4558e-10   2.4048e+07   9.1457e+03  -2.83921e+02   4.1796e+05   3.1943e+01   9.3139e+14   9.0073e+14   2.9857e+07    0.000  8.874e+04  9.457e+04  1.142e+05  1.268e+05
  139094    0.4972  9.7771e+04  2.5294e-10   2.3413e+07   9.1382e+03  -3.34416e+02   3.3103e+05   3.0498e+01   5.1760e+14   4.9332e+14   2.4751e+07    0.000  8.325e+04  8.934e+04  1.085e+05  1.212e+05
  139099    0.5075  9.2817e+04  2.6035e-10   2.2818e+07   9.1348e+03  -2.73447e+02   2.0969e+05   2.3265e+01   3.1912e+14   3.0374e+14   2.0555e+07    0.000  7.846e+04  8.469e+04  1.029e+05  1.152e+05
  139104    0.5180  8.8264e+04  2.6909e-10   2.2270e+07   9.1856e+03  -1.52421e+02   1.3916e+05   1.8472e+01   1.9762e+14   1.8741e+14   1.7281e+07    0.000  7.425e+04  8.051e+04  9.771e+04  1.093e+05
  139109    0.5281  8.3973e+04  2.7975e-10   2.1765e+07   9.3004e+03  -3.27958e+01   8.9842e+04   1.4235e+01   1.2992e+14   1.2333e+14   1.4662e+07    0.000  7.051e+04  7.663e+04  9.274e+04  1.036e+05
  139114    0.5375  7.9763e+04  2.9212e-10   2.1294e+07   9.4604e+03   4.19883e+01   8.5062e+04   1.6167e+01   6.3290e+13   5.7050e+13   1.2431e+07    0.000  6.703e+04  7.287e+04   8.79e+04  9.804e+04
  139119    0.5475  7.5810e+04  3.0531e-10   2.0839e+07   9.6406e+03   3.75848e+01   8.0514e+04   1.8299e+01   2.2361e+13   1.6455e+13   1.0592e+07    0.000  6.388e+04  6.941e+04  8.349e+04  9.303e+04
  139124    0.5577  7.1779e+04  3.1812e-10   2.0389e+07   9.7816e+03  -4.05823e+01   7.3740e+04   2.0388e+01   5.3945e+12  -1.4637e+10   8.8337e+06    0.000   6.08e+04  6.595e+04    7.9e+04  8.789e+04
  139129    0.5677  6.7931e+04  3.2942e-10   1.9934e+07   9.8665e+03  -1.65678e+02   5.7569e+04   1.9483e+01   1.2747e+13   8.5236e+12   7.2807e+06    0.000   5.79e+04  6.264e+04  7.467e+04  8.302e+04
  139134    0.5783  6.4224e+04  3.3881e-10   1.9467e+07   9.8882e+03  -2.89129e+02   4.4192e+04   1.8440e+01   2.4085e+13   2.0843e+13   5.9181e+06    0.000  5.512e+04  5.946e+04   7.04e+04  7.824e+04
  139139    0.5917  6.0759e+04  3.4652e-10   1.8986e+07   9.8632e+03  -3.85197e+02   3.0082e+04   1.5477e+01   4.1300e+13   3.9094e+13   4.7886e+06    0.000  5.249e+04  5.648e+04  6.637e+04  7.368e+04
  139144    0.6044  5.7589e+04  3.5304e-10   1.8493e+07   9.8166e+03  -4.46935e+02   2.1249e+04   1.3413e+01   5.3374e+13   5.1815e+13   3.8851e+06    0.000  5.009e+04  5.372e+04  6.265e+04   6.94e+04
  139149    0.6150  5.4617e+04  3.5887e-10   1.7992e+07   9.7566e+03  -4.78274e+02   1.3207e+04   1.0219e+01   6.5379e+13   6.4411e+13   3.1507e+06    0.000  4.785e+04  5.112e+04  5.914e+04  6.527e+04
  139154    0.6256  5.1948e+04  3.6434e-10   1.7492e+07   9.7039e+03  -4.81104e+02   1.0672e+04   1.0013e+01   6.9005e+13   6.8222e+13   2.5842e+06    0.000  4.584e+04  4.879e+04    5.6e+04  6.156e+04
  139159    0.6368  4.9454e+04  3.6966e-10   1.7000e+07   9.6521e+03  -4.75160e+02   5.6232e+03   6.3772e+00   7.6179e+13   7.5766e+13   2.1270e+06    0.000  4.398e+04  4.664e+04  5.307e+04  5.803e+04
  139164    0.6472  4.7057e+04  3.7459e-10   1.6521e+07   9.5922e+03  -4.66646e+02   4.6247e+03   6.3467e+00   7.6822e+13   7.6482e+13   1.7467e+06    0.000  4.224e+04  4.457e+04  5.029e+04   5.47e+04
  139169    0.6592  4.4841e+04  3.7936e-10   1.6059e+07   9.5318e+03  -4.43496e+02   2.2298e+03   3.6890e+00   7.9149e+13   7.8985e+13   1.4400e+06    0.000  4.068e+04  4.267e+04  4.771e+04  5.159e+04
  139174    0.6705  4.2808e+04  3.8434e-10   1.5617e+07   9.4801e+03  -4.04753e+02   2.5195e+03   4.9970e+00   7.5567e+13   7.5382e+13   1.1946e+06    0.000  3.927e+04  4.092e+04   4.53e+04   4.87e+04
  139179    0.6836  4.1006e+04  3.8969e-10   1.5194e+07   9.4332e+03  -3.74120e+02   8.9842e+02   2.1036e+00   7.3807e+13   7.3742e+13   1.0070e+06    0.000  3.806e+04   3.94e+04  4.312e+04  4.613e+04
  139184    0.6923  3.9371e+04  3.9541e-10   1.4790e+07   9.3774e+03  -3.41845e+02   1.0604e+03   2.8948e+00   6.7381e+13   6.7303e+13   8.5853e+05    0.000  3.696e+04  3.807e+04  4.115e+04  4.375e+04
  139189    0.7013  3.7969e+04  4.0163e-10   1.4406e+07   9.3063e+03  -3.14720e+02  -4.2672e+02  -1.3317e+00   6.2311e+13   6.2342e+13   7.4550e+05    0.000  3.595e+04  3.689e+04  3.943e+04   4.16e+04
  139194    0.7097  3.6648e+04  4.0845e-10   1.4039e+07   9.1931e+03  -2.93140e+02  -1.7079e+03  -6.0338e+00   5.5159e+13   5.5284e+13   6.5068e+05    0.000   3.49e+04  3.574e+04  3.778e+04  3.945e+04
  139199    0.7121  3.5456e+04  4.1573e-10   1.3690e+07   9.0534e+03  -2.67375e+02  -5.3772e+02  -2.1127e+00   4.1638e+13   4.1677e+13   5.7584e+05    0.000  3.376e+04  3.462e+04   3.64e+04  3.771e+04
  139204    0.6972  6.0170e+04  4.2258e-10   1.3362e+07   1.2449e+04   8.75997e+02   1.6314e+06   8.2692e+02  -2.9815e+15  -3.1011e+15   5.9025e+06    0.000  4.797e+04  5.448e+04  6.573e+04  7.179e+04
  139209    0.6998  1.0691e+05  4.2504e-10   1.3072e+07   1.6367e+04   2.82602e+02   7.6873e+06   4.5456e+02  -1.4433e+16  -1.4997e+16   6.8189e+07    0.000  9.057e+04  9.799e+04  1.164e+05  1.263e+05
  139214    0.7083  1.2674e+05  4.2664e-10   1.2818e+07   1.8064e+04   7.47491e+00   7.5606e+06   2.4004e+02  -1.6249e+16  -1.6804e+16   1.4119e+08    0.000  1.091e+05   1.17e+05  1.376e+05  1.489e+05
  139219    0.7204  1.3238e+05  4.3075e-10   1.2583e+07   1.8656e+04  -1.20205e+02   3.6633e+06   9.9401e+01  -1.0088e+16  -1.0356e+16   1.7141e+08    0.000  1.152e+05  1.227e+05  1.432e+05  1.547e+05
  139224    0.7371  1.2774e+05  4.3684e-10   1.2362e+07   1.8448e+04  -2.16013e+02  -4.1120e+04  -1.2718e+00  -3.1130e+15  -3.1100e+15   1.4912e+08    0.000  1.124e+05   1.19e+05  1.376e+05  1.482e+05
  139229    0.7626  1.1777e+05  4.4440e-10   1.2151e+07   1.7833e+04  -2.40388e+02  -1.0997e+06  -4.5867e+01  -5.2070e+13   2.8599e+13   1.0703e+08    0.000  1.049e+05  1.105e+05  1.262e+05  1.353e+05
  139234    0.8053  1.0631e+05  4.5356e-10   1.1947e+07   1.7123e+04  -2.11420e+02  -1.0238e+06  -6.2370e+01   8.4337e+14   9.1847e+14   7.0386e+07    0.000  9.584e+04  1.005e+05  1.131e+05  1.206e+05
  139239    0.8359  9.4861e+04  4.6556e-10   1.1750e+07   1.6477e+04  -1.47259e+02  -7.3100e+05  -6.7978e+01   9.4205e+14   9.9567e+14   4.4380e+07    0.000  8.661e+04  9.028e+04  1.002e+05  1.061e+05
  139244    0.8669  8.4343e+04  4.8114e-10   1.1562e+07   1.5988e+04  -4.90205e+01  -4.5789e+05  -6.5960e+01   7.7979e+14   8.1338e+14   2.7798e+07    0.000  7.797e+04  8.077e+04  8.848e+04  9.294e+04
  139249    0.8708  7.5271e+04  5.0140e-10   1.1379e+07   1.5727e+04   4.88974e+01  -2.8402e+05  -6.2455e+01   6.0839e+14   6.2922e+14   1.7912e+07    0.000  7.025e+04  7.245e+04  7.847e+04  8.189e+04
  139254    0.8815  6.7354e+04  5.2560e-10   1.1199e+07   1.5630e+04   1.07522e+02  -1.8946e+05  -6.2917e+01   4.9506e+14   5.0896e+14   1.1789e+07    0.000  6.342e+04  6.515e+04  6.988e+04  7.249e+04
  139259    0.8978  6.0282e+04  5.5276e-10   1.1018e+07   1.5634e+04   1.44564e+02  -1.2304e+05  -6.1723e+01   3.9648e+14   4.0550e+14   7.8059e+06    0.000  5.736e+04  5.864e+04  6.231e+04  6.425e+04
  139264    0.9176  5.4120e+04  5.8275e-10   1.0834e+07   1.5744e+04   1.74859e+02  -7.8140e+04  -5.8796e+01   3.1586e+14   3.2159e+14   5.2403e+06    0.000  5.209e+04  5.293e+04  5.563e+04  5.702e+04
  139269    0.9209  4.9146e+04  6.1492e-10   1.0647e+07   1.5995e+04   2.11860e+02  -3.0618e+04  -3.3133e+01   2.2047e+14   2.2271e+14   3.6977e+06    0.000   4.78e+04  4.827e+04  5.027e+04   5.14e+04
  139274    0.9307  4.5396e+04  6.4786e-10   1.0459e+07   1.6318e+04   1.82404e+02  -2.6845e+04  -3.9015e+01   2.0083e+14   2.0280e+14   2.8103e+06    0.000   4.46e+04  4.476e+04   4.63e+04   4.74e+04
  139279    0.9473  4.2231e+04  6.8041e-10   1.0270e+07   1.6618e+04   1.67932e+02  -1.6220e+04  -3.0945e+01   1.7029e+14   1.7148e+14   2.1794e+06    0.000  4.214e+04  4.199e+04   4.27e+04  4.348e+04
  139284    0.9701  4.0374e+04  7.1362e-10   1.0080e+07   1.7021e+04   1.66194e+02  -9.7520e+03  -2.1792e+01   1.4459e+14   1.4531e+14   1.9056e+06    0.000  4.054e+04  4.028e+04  4.072e+04  4.139e+04
  139289    0.9677  3.8859e+04  7.4707e-10   9.8918e+06   1.7353e+04   1.29512e+02  -1.2773e+04  -3.2513e+01   1.3622e+14   1.3715e+14   1.7059e+06    0.000  3.927e+04  3.892e+04  3.901e+04  3.937e+04
  139294    0.9699  3.7624e+04  7.8051e-10   9.7067e+06   1.7626e+04   1.12064e+02  -9.5463e+03  -2.6939e+01   1.1908e+14   1.1978e+14   1.5624e+06    0.000  3.821e+04  3.781e+04  3.761e+04   3.77e+04
  139299    0.9836  3.6943e+04  8.1320e-10   9.5226e+06   1.8014e+04   9.99197e+01  -3.8102e+03  -1.1263e+01   9.7951e+13   9.8231e+13   1.5242e+06    0.000  3.747e+04  3.708e+04  3.706e+04  3.739e+04
  139304    1.0037  3.6544e+04  8.4533e-10   9.3373e+06   1.8507e+04   1.26163e+02   9.3056e+03   2.8054e+01   6.3037e+13   6.2355e+13   1.5335e+06    0.000  3.691e+04  3.658e+04  3.687e+04  3.762e+04
  139309    1.0078  3.6329e+04  8.7738e-10   9.1507e+06   1.9041e+04   6.70131e+01   7.1919e+02   2.1758e+00   6.6124e+13   6.6072e+13   1.5736e+06    0.000  3.649e+04  3.625e+04  3.689e+04  3.808e+04
  139314    1.0081  3.5629e+04  9.0948e-10   8.9673e+06   1.9277e+04   8.55442e+00  -8.6959e+03  -2.7754e+01   7.2001e+13   7.2639e+13   1.5111e+06    0.000  3.579e+04  3.557e+04  3.611e+04  3.709e+04
  139319    1.0208  3.4695e+04  9.4148e-10   8.7852e+06   1.9362e+04  -2.74776e+01  -1.2158e+04  -4.1955e+01   6.8448e+13   6.9340e+13   1.4043e+06    0.000  3.491e+04  3.468e+04  3.506e+04  3.578e+04
  139324    1.0273  3.3582e+04  9.7318e-10   8.6029e+06   1.9384e+04  -5.42170e+01  -1.2409e+04  -4.7361e+01   5.9943e+13   6.0853e+13   1.2712e+06    0.000  3.382e+04  3.359e+04  3.389e+04  3.448e+04
  139329    1.0207  3.3041e+04  1.0037e-09   8.4241e+06   1.9753e+04   4.18564e+01   7.4609e+03   2.9753e+01   1.5507e+13   1.4960e+13   1.2377e+06    0.000  3.306e+04  3.294e+04  3.351e+04  3.431e+04
  139334    1.0291  3.2828e+04  1.0326e-09   8.2492e+06   2.0203e+04  -2.96625e+01  -1.2048e+00  -4.8551e-03   1.7581e+13   1.7582e+13   1.2535e+06    0.000  3.254e+04  3.256e+04  3.348e+04  3.453e+04
  139339    1.0463  3.1788e+04  1.0605e-09   8.0767e+06   2.0315e+04  -9.73554e+01  -7.5641e+03  -3.3871e+01   2.3656e+13   2.4211e+13   1.1352e+06    0.000  3.131e+04  3.141e+04  3.257e+04  3.376e+04
  139344    1.0253  2.9945e+04  1.0873e-09   7.9077e+06   2.0262e+04  -1.24930e+02  -8.2890e+03  -4.6079e+01   2.2187e+13   2.2795e+13   9.1224e+05    0.000  2.944e+04  2.954e+04  3.082e+04  3.224e+04
  139349    0.9881  2.7654e+04  1.1126e-09   7.7483e+06   2.0180e+04  -1.17997e+02  -5.2152e+03  -3.9430e+01   1.6783e+13   1.7165e+13   6.6782e+05    0.000   2.73e+04  2.736e+04  2.839e+04  2.982e+04
  139354    0.9459  3.0403e+04  1.1362e-09   7.5998e+06   2.1370e+04   1.15276e+02   2.2425e+04   1.1600e+02  -4.3040e+13  -4.4685e+13   1.0304e+06    0.000  2.939e+04  2.981e+04  3.136e+04   3.26e+04
  139359    0.8937  3.1335e+04  1.1572e-09   7.4681e+06   2.2013e+04  -2.35228e+01   4.6323e+03   2.1283e+01  -1.5937e+13  -1.6277e+13   1.1974e+06    0.000   3.02e+04   3.07e+04  3.228e+04  3.357e+04
  139364    0.8617  3.0569e+04  1.1775e-09   7.3492e+06   2.2130e+04  -7.87113e+01  -4.9445e+03  -2.4784e+01   1.0825e+12   1.4452e+12   1.1044e+06    0.000  2.933e+04  2.988e+04   3.16e+04  3.305e+04
  139369    0.8407  2.8958e+04  1.1979e-09   7.2391e+06   2.2052e+04  -9.26119e+01  -6.9126e+03  -4.2500e+01   7.5816e+12   8.0886e+12   8.9755e+05    0.000  2.777e+04  2.828e+04      3e+04  3.168e+04
  139374    0.8150  2.6958e+04  1.2184e-09   7.1363e+06   2.1920e+04  -8.50761e+01  -5.8779e+03  -4.7718e+01   9.3142e+12   9.7453e+12   6.7575e+05    0.000  2.597e+04  2.639e+04  2.784e+04  2.941e+04
  139379    0.7752  2.5311e+04  1.2400e-09   7.0434e+06   2.1924e+04   5.01427e+01   1.4883e+03   1.5471e+01  -1.7337e+12  -1.8429e+12   5.2721e+05    0.000  2.449e+04  2.485e+04  2.606e+04  2.729e+04
  139384    0.7516  2.9184e+04  1.2622e-09   6.9609e+06   2.3385e+04   2.60913e+02   2.5273e+04   1.4912e+02  -5.1743e+13  -5.3597e+13   9.8796e+05    0.000  2.785e+04  2.851e+04   3.01e+04  3.131e+04
  139389    0.7378  3.0466e+04  1.2840e-09   6.8887e+06   2.4109e+04   8.06883e+01   3.7481e+03   1.8664e+01  -1.8996e+13  -1.9270e+13   1.2102e+06    0.000  2.906e+04  2.978e+04  3.131e+04  3.245e+04
  139394    0.7313  2.9809e+04  1.3075e-09   6.8238e+06   2.4324e+04   3.61749e+01  -4.8307e+03  -2.5992e+01  -3.2590e+12  -2.9046e+12   1.1308e+06    0.000  2.839e+04   2.91e+04  3.071e+04  3.196e+04
  139399    0.7083  2.8356e+04  1.3328e-09   6.7645e+06   2.4363e+04   2.99554e+01  -6.8419e+03  -4.4518e+01   3.8824e+12   4.3843e+12   9.3693e+05    0.000  2.704e+04  2.768e+04  2.925e+04  3.061e+04
  139404    0.6854  2.6575e+04  1.3597e-09   6.7110e+06   2.4357e+04   4.35158e+01  -6.1062e+03  -5.1210e+01   6.6260e+12   7.0739e+12   7.2682e+05    0.000  2.548e+04  2.599e+04  2.736e+04  2.858e+04
  139409    0.6720  2.4755e+04  1.3886e-09   6.6618e+06   2.4367e+04   6.46313e+01  -4.6720e+03  -5.1797e+01   7.1780e+12   7.5207e+12   5.5004e+05    0.000  2.389e+04  2.427e+04   2.54e+04   2.64e+04
  139414    0.6658  2.5094e+04  1.4196e-09   6.6153e+06   2.5108e+04   3.26097e+02   1.1592e+04   1.2095e+02  -2.0256e+13  -2.1106e+13   5.9982e+05    0.000  2.411e+04  2.456e+04  2.578e+04   2.68e+04
  139419    0.6642  2.6347e+04  1.4516e-09   6.5719e+06   2.5966e+04   2.01084e+02   1.7074e+03   1.4560e+01  -7.9652e+12  -8.0904e+12   7.6117e+05    0.000  2.515e+04  2.573e+04  2.709e+04  2.813e+04
  139424    0.6600  2.5753e+04  1.4858e-09   6.5301e+06   2.6382e+04   1.50148e+02  -2.9029e+03  -2.6950e+01  -4.0420e+10   1.7252e+11   7.1085e+05    0.000  2.462e+04  2.517e+04  2.646e+04  2.742e+04
  139429    0.6404  2.4504e+04  1.5207e-09   6.4895e+06   2.6614e+04   1.23268e+02  -3.9195e+03  -4.4158e+01   3.6163e+12   3.9038e+12   5.9108e+05    0.000  2.356e+04    2.4e+04  2.513e+04  2.598e+04
  139434    0.6287  2.3058e+04  1.5557e-09   6.4495e+06   2.6771e+04   1.14788e+02  -3.3736e+03  -4.8306e+01   4.8364e+12   5.0839e+12   4.6782e+05    0.000  2.234e+04  2.265e+04  2.359e+04  2.432e+04
  139439    0.6220  2.5399e+04  1.5902e-09   6.4099e+06   2.8231e+04   6.97965e+02   3.2289e+04   3.1079e+02  -4.9122e+13  -5.1490e+13   7.3094e+05    0.000  2.416e+04  2.478e+04  2.612e+04  2.707e+04
  139444    0.6193  3.1035e+04  1.6196e-09   6.3736e+06   3.0662e+04   3.42604e+02   3.0416e+04   1.3262e+02  -5.8685e+13  -6.0916e+13   1.7552e+06    0.000  2.926e+04  3.022e+04  3.173e+04  3.247e+04
  139449    0.6082  3.1724e+04  1.6459e-09   6.3383e+06   3.1409e+04   1.25820e+02   2.8882e+03   1.1522e+01  -2.5656e+13  -2.5868e+13   1.9684e+06    0.000  2.999e+04  3.091e+04  3.245e+04   3.32e+04
  139454    0.5960  3.1107e+04  1.6699e-09   6.3025e+06   3.1566e+04   3.44925e+01  -8.5216e+03  -3.6352e+01  -8.8925e+12  -8.2674e+12   1.8512e+06    0.000  2.942e+04  3.026e+04  3.196e+04  3.286e+04
  139459    0.5875  2.9822e+04  1.6930e-09   6.2654e+06   3.1472e+04  -8.75140e+00  -1.1529e+04  -5.7555e+01  -9.4821e+10   7.5084e+11   1.5775e+06    0.000  2.832e+04  2.903e+04  3.077e+04  3.188e+04
  139464    0.5819  2.8165e+04  1.7152e-09   6.2269e+06   3.1277e+04  -2.97631e+01  -1.0385e+04  -6.4788e+01   4.2272e+12   4.9889e+12   1.2547e+06    0.000  2.696e+04  2.752e+04  2.905e+04  3.028e+04
  139469    0.5788  2.6410e+04  1.7368e-09   6.1873e+06   3.1053e+04  -3.59062e+01  -8.1242e+03  -6.5478e+01   6.0575e+12   6.6534e+12   9.6423e+05    0.000  2.552e+04  2.593e+04  2.714e+04  2.823e+04
  139474    0.5786  2.4775e+04  1.7587e-09   6.1462e+06   3.1058e+04   1.66711e+02   1.2677e+04   1.3198e+02  -1.6567e+13  -1.7497e+13   7.4201e+05    0.000  2.415e+04  2.443e+04  2.534e+04  2.621e+04
  139479    0.5810  2.9058e+04  1.7782e-09   6.1050e+06   3.2891e+04   4.25806e+02   4.5854e+04   2.5160e+02  -6.5297e+13  -6.8661e+13   1.4941e+06    0.000  2.755e+04  2.833e+04  2.978e+04  3.059e+04
  139484    0.5742  3.1114e+04  1.7931e-09   6.0653e+06   3.3926e+04   7.29216e+01   1.1493e+04   4.8250e+01  -3.2540e+13  -3.3383e+13   2.0193e+06    0.000  2.947e+04  3.035e+04  3.181e+04  3.252e+04
  139489    0.5682  3.0925e+04  1.8061e-09   6.0263e+06   3.4056e+04  -4.04595e+01  -4.5066e+03  -1.9310e+01  -1.3202e+13  -1.2872e+13   1.9877e+06    0.000  2.935e+04  3.017e+04  3.167e+04  3.247e+04
  139494    0.5654  2.9936e+04  1.8188e-09   5.9874e+06   3.3861e+04  -8.34795e+01  -1.0006e+04  -4.8513e+01  -2.8214e+12  -2.0875e+12   1.7472e+06    0.000  2.851e+04  2.924e+04  3.072e+04  3.167e+04
  139499    0.5653  2.8520e+04  1.8322e-09   5.9481e+06   3.3547e+04  -9.74695e+01  -1.0358e+04  -6.0760e+01   2.7097e+12   3.4695e+12   1.4311e+06    0.000  2.735e+04  2.794e+04  2.924e+04  3.025e+04
  139504    0.5674  2.6928e+04  1.8464e-09   5.9086e+06   3.3206e+04  -9.35795e+01  -8.7823e+03  -6.4781e+01   5.3946e+12   6.0388e+12   1.1265e+06    0.000  2.604e+04  2.649e+04  2.751e+04  2.841e+04
  139509    0.5718  2.5346e+04  1.8620e-09   5.8688e+06   3.2896e+04  -8.16446e+01  -6.7824e+03  -6.3799e+01   6.3137e+12   6.8113e+12   8.7511e+05    0.000  2.472e+04  2.503e+04  2.578e+04   2.65e+04
  139514    0.5776  2.6967e+04  1.8775e-09   5.8289e+06   3.3899e+04   4.31134e+02   3.5437e+04   2.5845e+02  -4.6176e+13  -4.8775e+13   1.1591e+06    0.000  2.581e+04  2.641e+04  2.754e+04  2.826e+04
  139519    0.5851  3.0992e+04  1.8891e-09   5.7907e+06   3.5703e+04   1.46729e+02   2.6144e+04   1.0995e+02  -4.7697e+13  -4.9615e+13   2.1199e+06    0.000  2.928e+04   3.02e+04  3.166e+04  3.229e+04
  139524    0.5822  3.1417e+04  1.8997e-09   5.7544e+06   3.6063e+04  -1.84236e+01   1.5125e+03   6.0256e+00  -2.2266e+13  -2.2377e+13   2.2633e+06    0.000  2.974e+04  3.064e+04   3.21e+04  3.277e+04
  139529    0.5809  3.0787e+04  1.9101e-09   5.7192e+06   3.5938e+04  -8.25256e+01  -8.6106e+03  -3.6993e+01  -8.3222e+12  -7.6906e+12   2.0925e+06    0.000  2.922e+04  3.003e+04  3.151e+04  3.228e+04
  139534    0.5816  2.9611e+04  1.9215e-09   5.6845e+06   3.5630e+04  -9.65591e+01  -1.1329e+04  -5.6584e+01  -4.7469e+11   3.5634e+11   1.7848e+06    0.000  2.825e+04  2.894e+04  3.032e+04  3.118e+04
  139539    0.5850  2.8151e+04  1.9355e-09   5.6503e+06   3.5290e+04  -8.50515e+01  -1.0598e+04  -6.4688e+01   3.7753e+12   4.5527e+12   1.4467e+06    0.000  2.707e+04  2.761e+04  2.875e+04  2.957e+04
  139544    0.5908  2.6600e+04  1.9515e-09   5.6163e+06   3.4968e+04  -7.61124e+01  -8.7510e+03  -6.7002e+01   5.8058e+12   6.4477e+12   1.1429e+06    0.000   2.58e+04   2.62e+04  2.705e+04  2.772e+04
  139549    0.5978  2.5073e+04  1.9686e-09   5.5825e+06   3.4673e+04  -6.59707e+01  -6.6456e+03  -6.4474e+01   6.3604e+12   6.8478e+12   8.9429e+05    0.000  2.452e+04  2.479e+04   2.54e+04   2.59e+04
  139554    0.5930  2.6924e+04  1.9854e-09   5.5492e+06   3.5868e+04   3.65549e+02   3.3229e+04   2.4024e+02  -4.2182e+13  -4.4620e+13   1.2358e+06    0.000  2.575e+04  2.635e+04  2.747e+04  2.808e+04
  139559    0.5919  2.8964e+04  1.9993e-09   5.5178e+06   3.6840e+04   8.25267e+01   9.0765e+03   4.8902e+01  -2.3064e+13  -2.3730e+13   1.7086e+06    0.000  2.744e+04  2.823e+04  2.963e+04  3.029e+04
  139564    0.5942  2.8838e+04  2.0125e-09   5.4876e+06   3.7002e+04  -2.07115e+01  -2.8650e+03  -1.5689e+01  -9.7797e+12  -9.5695e+12   1.6898e+06    0.000   2.74e+04  2.814e+04  2.949e+04  3.015e+04
  139569    0.5982  2.7937e+04  2.0262e-09   5.4577e+06   3.6865e+04  -5.35639e+01  -7.0741e+03  -4.3918e+01  -2.0618e+12  -1.5429e+12   1.4854e+06    0.000  2.672e+04  2.734e+04  2.852e+04  2.915e+04
  139574    0.6051  2.6700e+04  2.0425e-09   5.4277e+06   3.6646e+04  -5.36266e+01  -7.6945e+03  -5.7220e+01   2.2221e+12   2.7865e+12   1.2329e+06    0.000  2.574e+04  2.622e+04  2.718e+04  2.773e+04
  139579    0.5996  2.5335e+04  2.0610e-09   5.3976e+06   3.6410e+04  -4.79532e+01  -6.8323e+03  -6.2668e+01   4.3867e+12   4.8879e+12   9.9324e+05    0.000  2.463e+04  2.498e+04  2.571e+04  2.615e+04
  139584    0.5980  2.3972e+04  2.0805e-09   5.3675e+06   3.6184e+04  -4.49426e+01  -5.4965e+03  -6.2911e+01   5.2494e+12   5.6526e+12   7.9104e+05    0.000  2.349e+04  2.372e+04  2.425e+04  2.459e+04
  139589    0.6003  2.4519e+04  2.0999e-09   5.3373e+06   3.6931e+04   6.13774e+02   3.4760e+04   3.6043e+02  -3.8736e+13  -4.1285e+13   8.8690e+05    0.000  2.368e+04   2.41e+04  2.494e+04  2.539e+04
  139594    0.6054  2.9516e+04  2.1152e-09   5.3080e+06   3.9256e+04   2.22421e+02   2.7300e+04   1.3401e+02  -4.4533e+13  -4.6535e+13   1.9967e+06    0.000   2.77e+04  2.864e+04  3.028e+04  3.094e+04
  139599    0.6128  3.0186e+04  2.1295e-09   5.2793e+06   3.9784e+04   2.78576e+01   3.0060e+03   1.3502e+01  -2.2210e+13  -2.2430e+13   2.2142e+06    0.000  2.843e+04  2.933e+04  3.094e+04   3.16e+04
  139604    0.6225  2.9660e+04  2.1433e-09   5.2506e+06   3.9772e+04  -4.62070e+01  -6.5114e+03  -3.1309e+01  -9.8530e+12  -9.3754e+12   2.0688e+06    0.000   2.81e+04  2.889e+04  3.039e+04  3.108e+04
  139609    0.6253  2.8611e+04  2.1568e-09   5.2213e+06   3.9537e+04  -8.03345e+01  -9.4682e+03  -5.2499e+01  -2.4670e+12  -1.7725e+12   1.7839e+06    0.000  2.731e+04  2.796e+04  2.926e+04  2.994e+04
  139614    0.6274  2.7303e+04  2.1704e-09   5.1917e+06   3.9202e+04  -9.22459e+01  -9.3634e+03  -6.2601e+01   1.8426e+12   2.5295e+12   1.4671e+06    0.000  2.629e+04   2.68e+04  2.783e+04  2.841e+04
  139619    0.6322  2.5898e+04  2.1847e-09   5.1617e+06   3.8841e+04  -9.25413e+01  -8.0319e+03  -6.6403e+01   4.1389e+12   4.7281e+12   1.1755e+06    0.000  2.516e+04  2.553e+04  2.629e+04  2.675e+04
  139624    0.6395  2.4508e+04  2.2003e-09   5.1311e+06   3.8506e+04  -8.02866e+01  -6.3779e+03  -6.5822e+01   5.1008e+12   5.5687e+12   9.3353e+05    0.000  2.402e+04  2.426e+04  2.479e+04  2.513e+04
  139629    0.6490  2.4958e+04  2.2177e-09   5.0998e+06   3.9109e+04   2.58361e+02   1.5844e+04   1.5086e+02  -1.9141e+13  -2.0303e+13   1.0252e+06    0.000  2.413e+04  2.454e+04  2.538e+04  2.582e+04
  139634    0.6601  2.7106e+04  2.2342e-09   5.0685e+06   4.0319e+04   1.08356e+02   9.0026e+03   6.1148e+01  -1.8660e+13  -1.9321e+13   1.4832e+06    0.000  2.575e+04  2.644e+04  2.775e+04  2.836e+04
  139639    0.6732  2.7111e+04  2.2501e-09   5.0371e+06   4.0578e+04  -6.98752e+00  -1.6946e+03  -1.1492e+01  -8.1434e+12  -8.0191e+12   1.4963e+06    0.000  2.583e+04  2.648e+04  2.773e+04  2.833e+04
  139644    0.6823  2.6342e+04  2.2662e-09   5.0057e+06   4.0505e+04  -5.23703e+01  -5.4229e+03  -4.1262e+01  -2.0921e+12  -1.6943e+12   1.3316e+06    0.000  2.527e+04  2.581e+04  2.687e+04   2.74e+04
  139649    0.6868  2.5245e+04  2.2825e-09   4.9744e+06   4.0287e+04  -7.26701e+01  -6.1859e+03  -5.5847e+01   1.4718e+12   1.9256e+12   1.1164e+06    0.000  2.441e+04  2.484e+04  2.567e+04  2.611e+04
  139654    0.6927  2.4020e+04  2.2993e-09   4.9432e+06   4.0014e+04  -7.60245e+01  -5.6177e+03  -6.1972e+01   3.3715e+12   3.7836e+12   9.0750e+05    0.000  2.343e+04  2.373e+04  2.433e+04  2.467e+04
  139659    0.7008  2.2793e+04  2.3169e-09   4.9122e+06   3.9738e+04  -7.06420e+01  -4.5736e+03  -6.2331e+01   4.2149e+12   4.5504e+12   7.2950e+05    0.000  2.243e+04  2.261e+04    2.3e+04  2.325e+04
  139664    0.7107  2.4042e+04  2.3360e-09   4.8809e+06   4.0793e+04   7.31232e+02   3.7116e+04   4.0307e+02  -3.9223e+13  -4.1945e+13   9.3687e+05    0.000  2.305e+04  2.355e+04  2.453e+04  2.501e+04
  139669    0.7224  2.9099e+04  2.3514e-09   4.8508e+06   4.3425e+04   2.21429e+02   2.8582e+04   1.4366e+02  -4.4893e+13  -4.6989e+13   2.1572e+06    0.000  2.715e+04  2.815e+04  2.996e+04  3.071e+04
  139674    0.7253  2.9751e+04  2.3659e-09   4.8224e+06   4.3969e+04   2.77802e+01   3.8622e+03   1.7801e+01  -2.3677e+13  -2.3960e+13   2.3847e+06    0.000  2.789e+04  2.885e+04  3.058e+04  3.131e+04
  139679    0.7303  2.9273e+04  2.3812e-09   4.7951e+06   4.3989e+04  -3.73076e+01  -5.7427e+03  -2.8232e+01  -1.1826e+13  -1.1405e+13   2.2378e+06    0.000  2.764e+04  2.848e+04  3.002e+04  3.074e+04
  139684    0.7375  2.8313e+04  2.3970e-09   4.7685e+06   4.3793e+04  -6.54368e+01  -8.9867e+03  -5.0472e+01  -4.5323e+12  -3.8731e+12   1.9505e+06    0.000  2.695e+04  2.765e+04  2.895e+04  2.961e+04
  139689    0.7456  2.7110e+04  2.4135e-09   4.7424e+06   4.3502e+04  -7.58280e+01  -9.3045e+03  -6.2206e+01  -2.2230e+10   6.6030e+11   1.6279e+06    0.000  2.603e+04  2.658e+04  2.761e+04  2.815e+04
  139694    0.7550  2.5800e+04  2.4309e-09   4.7164e+06   4.3174e+04  -7.77115e+01  -8.3354e+03  -6.8010e+01   2.6176e+12   3.2290e+12   1.3239e+06    0.000  2.499e+04  2.541e+04  2.617e+04  2.657e+04
  139699    0.7676  2.4478e+04  2.4504e-09   4.6906e+06   4.2867e+04  -6.12930e+01  -6.9036e+03  -6.9587e+01   3.9643e+12   4.4707e+12   1.0640e+06    0.000  2.391e+04   2.42e+04  2.473e+04  2.501e+04
  139704    0.7803  2.3223e+04  2.4721e-09   4.6645e+06   4.2622e+04  -4.06727e+01  -5.0393e+03  -6.2745e+01   4.1054e+12   4.4751e+12   8.5636e+05    0.000  2.286e+04  2.305e+04  2.338e+04  2.357e+04
  139709    0.7855  2.4868e+04  2.4940e-09   4.6384e+06   4.3946e+04   3.25011e+02   1.9805e+04   1.8454e+02  -2.3232e+13  -2.4684e+13   1.1768e+06    0.000  2.379e+04  2.432e+04  2.538e+04  2.587e+04
  139714    0.7951  2.5904e+04  2.5154e-09   4.6130e+06   4.4768e+04   8.98517e+01   3.2918e+03   2.5922e+01  -1.1550e+13  -1.1791e+13   1.4210e+06    0.000  2.459e+04  2.524e+04  2.652e+04   2.71e+04
  139719    0.8061  2.5547e+04  2.5373e-09   4.5880e+06   4.4954e+04   9.25852e+00  -3.0159e+03  -2.5095e+01  -4.7940e+12  -4.5728e+12   1.3511e+06    0.000  2.438e+04  2.496e+04   2.61e+04  2.663e+04
  139724    0.8191  2.4695e+04  2.5592e-09   4.5632e+06   4.4893e+04  -2.24969e+01  -5.0483e+03  -4.8156e+01  -7.4690e+11  -3.7658e+11   1.1772e+06    0.000  2.376e+04  2.422e+04  2.515e+04  2.558e+04
  139729    0.8301  2.3642e+04  2.5829e-09   4.5382e+06   4.4753e+04  -2.60383e+01  -5.2601e+03  -5.9799e+01   1.6503e+12   2.0362e+12   9.8481e+05    0.000  2.295e+04  2.329e+04  2.398e+04  2.431e+04
  139734    0.8386  2.2542e+04  2.6082e-09   4.5129e+06   4.4593e+04  -2.71531e+01  -4.6905e+03  -6.4595e+01   2.9560e+12   3.3000e+12   8.1010e+05    0.000  2.209e+04  2.232e+04  2.277e+04    2.3e+04
  139739    0.8498  2.1491e+04  2.6343e-09   4.4874e+06   4.4439e+04  -2.24940e+01  -3.8855e+03  -6.4833e+01   3.5769e+12   3.8619e+12   6.6630e+05    0.000  2.125e+04  2.138e+04  2.163e+04  2.177e+04
  139744    0.8645  2.0565e+04  2.6615e-09   4.4615e+06   4.4314e+04  -1.50340e+01  -3.1932e+03  -6.3570e+01   3.8396e+12   4.0739e+12   5.5688e+05    0.000  2.049e+04  2.054e+04  2.062e+04  2.068e+04
  139749    0.8813  1.9786e+04  2.6898e-09   4.4354e+06   4.4212e+04  -1.11507e+01  -2.7396e+03  -6.3805e+01   3.9544e+12   4.1554e+12   4.7492e+05    0.000  1.984e+04  1.982e+04  1.977e+04  1.977e+04
  139754    0.8996  1.9136e+04  2.7191e-09   4.4088e+06   4.4111e+04  -1.34278e+01  -2.4741e+03  -6.6399e+01   3.9952e+12   4.1767e+12   4.1122e+05    0.000  1.928e+04  1.921e+04  1.907e+04  1.902e+04
  139759    0.9185  1.8589e+04  2.7493e-09   4.3815e+06   4.4004e+04  -1.29583e+01  -2.3103e+03  -6.9962e+01   3.9819e+12   4.1514e+12   3.6356e+05    0.000   1.88e+04   1.87e+04  1.848e+04  1.841e+04
  139764    0.9346  1.8125e+04  2.7808e-09   4.3535e+06   4.3893e+04  -1.40865e+01  -2.1718e+03  -7.2935e+01   3.9022e+12   4.0615e+12   3.2703e+05    0.000  1.839e+04  1.826e+04  1.799e+04  1.789e+04
  139769    0.9545  1.7719e+04  2.8132e-09   4.3250e+06   4.3780e+04  -1.47345e+01  -2.0234e+03  -7.4402e+01   3.7620e+12   3.9104e+12   2.9791e+05    0.000  1.802e+04  1.787e+04  1.757e+04  1.745e+04
  139774    0.9734  1.7366e+04  2.8460e-09   4.2958e+06   4.3685e+04  -1.21960e+01  -1.7877e+03  -7.1184e+01   3.5019e+12   3.6330e+12   2.7450e+05    0.000  1.769e+04  1.753e+04  1.721e+04  1.708e+04
  139779    0.9888  1.7042e+04  2.8788e-09   4.2661e+06   4.3596e+04  -1.48496e+01  -1.6685e+03  -7.1535e+01   3.3307e+12   3.4531e+12   2.5441e+05    0.000  1.738e+04  1.721e+04  1.688e+04  1.674e+04
  139784    0.9993  1.6726e+04  2.9118e-09   4.2360e+06   4.3506e+04  -1.10303e+01  -1.4833e+03  -6.8467e+01   3.0981e+12   3.2069e+12   2.3581e+05    0.000  1.708e+04  1.691e+04  1.656e+04  1.641e+04
  139789    1.0121  1.6431e+04  2.9455e-09   4.2055e+06   4.3460e+04  -8.19987e+00  -1.3591e+03  -6.7320e+01   2.9074e+12   3.0071e+12   2.1952e+05    0.000   1.68e+04  1.662e+04  1.626e+04  1.611e+04
  139794    1.0238  1.6125e+04  2.9787e-09   4.1746e+06   4.3405e+04  -1.53126e+01  -1.2808e+03  -6.8460e+01   2.7685e+12   2.8624e+12   2.0316e+05    0.000   1.65e+04  1.632e+04  1.594e+04  1.579e+04
  139799    1.0277  1.5794e+04  3.0110e-09   4.1434e+06   4.3333e+04  -1.90190e+01  -1.1042e+03  -6.4325e+01   2.5547e+12   2.6357e+12   1.8607e+05    0.000  1.619e+04    1.6e+04   1.56e+04  1.544e+04
  139804    1.0344  1.5459e+04  3.0418e-09   4.1120e+06   4.3272e+04  -2.45707e+01  -9.7949e+02  -6.2465e+01   2.3820e+12   2.4539e+12   1.6970e+05    0.000  1.587e+04  1.567e+04  1.526e+04  1.509e+04
  139809    1.0435  1.5095e+04  3.0713e-09   4.0805e+06   4.3189e+04  -3.33669e+01  -8.9646e+02  -6.3376e+01   2.2582e+12   2.3239e+12   1.5275e+05    0.000  1.553e+04  1.532e+04  1.489e+04  1.471e+04
  139814    1.0540  1.4725e+04  3.1004e-09   4.0487e+06   4.3117e+04  -2.62399e+01  -7.3456e+02  -5.7881e+01   2.0541e+12   2.1079e+12   1.3671e+05    0.000  1.517e+04  1.495e+04  1.451e+04  1.433e+04
  139819    1.0658  1.4375e+04  3.1293e-09   4.0167e+06   4.3057e+04  -3.31170e+01  -6.7596e+02  -5.9168e+01   1.9301e+12   1.9797e+12   1.2277e+05    0.000  1.481e+04   1.46e+04  1.417e+04  1.398e+04
  139824    1.0797  1.4051e+04  3.1577e-09   3.9844e+06   4.2994e+04  -2.88466e+01  -5.4689e+02  -5.2846e+01   1.7371e+12   1.7772e+12   1.1087e+05    0.000  1.448e+04  1.427e+04  1.385e+04  1.366e+04
  139829    1.0918  1.3790e+04  3.1857e-09   3.9518e+06   4.2958e+04  -3.19698e+01  -5.1010e+02  -5.3405e+01   1.6210e+12   1.6584e+12   1.0207e+05    0.000  1.419e+04  1.399e+04   1.36e+04  1.342e+04
  139834    1.0957  1.3548e+04  3.2133e-09   3.9192e+06   4.2890e+04  -4.08865e+01  -5.0959e+02  -5.7470e+01   1.5565e+12   1.5939e+12   9.4369e+04    0.000  1.394e+04  1.374e+04  1.336e+04  1.319e+04
  139839    1.1035  1.3364e+04  3.2406e-09   3.8867e+06   4.2879e+04  -1.46126e+01  -3.3409e+02  -3.9824e+01   1.3235e+12   1.3480e+12   8.9045e+04    0.000  1.373e+04  1.355e+04  1.319e+04  1.303e+04
  139844    1.1142  1.3222e+04  3.2677e-09   3.8541e+06   4.2901e+04  -2.58280e+01  -3.5545e+02  -4.4196e+01   1.2793e+12   1.3054e+12   8.5262e+04    0.000  1.357e+04  1.339e+04  1.306e+04  1.291e+04
  139849    1.1287  1.3079e+04  3.2940e-09   3.8216e+06   4.2869e+04  -4.07080e+01  -3.9193e+02  -5.0861e+01   1.2661e+12   1.2948e+12   8.1487e+04    0.000  1.341e+04  1.324e+04  1.292e+04  1.278e+04
  139854    1.1471  1.2934e+04  3.3202e-09   3.7890e+06   4.2783e+04  -4.80162e+01  -4.0999e+02  -5.5599e+01   1.2498e+12   1.2799e+12   7.7677e+04    0.000  1.326e+04   1.31e+04  1.278e+04  1.263e+04
  139859    1.1649  1.2822e+04  3.3476e-09   3.7561e+06   4.2773e+04  -1.72295e+01  -3.2976e+02  -4.6229e+01   1.1355e+12   1.1597e+12   7.5021e+04    0.000  1.314e+04  1.298e+04  1.267e+04  1.253e+04
  139864    1.1775  1.2734e+04  3.3801e-09   3.7229e+06   4.2861e+04   5.86960e+00  -3.7535e+02  -5.3934e+01   1.1413e+12   1.1688e+12   7.3271e+04    0.000  1.305e+04  1.289e+04  1.259e+04  1.244e+04
  139869    1.1933  1.2651e+04  3.4153e-09   3.6895e+06   4.2978e+04   1.76363e+01  -3.3099e+02  -4.8695e+01   1.0691e+12   1.0934e+12   7.1684e+04    0.000  1.296e+04  1.281e+04   1.25e+04  1.236e+04
  139874    1.2124  1.2593e+04  3.4508e-09   3.6560e+06   4.3162e+04   2.01243e+01  -3.1802e+02  -4.7521e+01   1.0237e+12   1.0470e+12   7.0884e+04    0.000   1.29e+04  1.275e+04  1.245e+04   1.23e+04
  139879    1.2255  1.2529e+04  3.4856e-09   3.6224e+06   4.3297e+04   4.14946e+00  -3.6368e+02  -5.5283e+01   1.0415e+12   1.0682e+12   6.9874e+04    0.000  1.283e+04  1.268e+04  1.238e+04  1.224e+04
  139884    1.2400  1.2468e+04  3.5196e-09   3.5889e+06   4.3422e+04   1.27357e+01  -2.9368e+02  -4.5373e+01   9.5160e+11   9.7315e+11   6.8908e+04    0.000  1.277e+04  1.262e+04  1.232e+04  1.218e+04
  139889    1.2590  1.2419e+04  3.5526e-09   3.5552e+06   4.3565e+04   2.64954e-01  -3.2392e+02  -5.0679e+01   9.5566e+11   9.7942e+11   6.8289e+04    0.000  1.271e+04  1.257e+04  1.227e+04  1.213e+04
  139894    1.2803  1.2362e+04  3.5850e-09   3.5215e+06   4.3644e+04  -1.32875e+01  -3.5631e+02  -5.6618e+01   9.6858e+11   9.9471e+11   6.7368e+04    0.000  1.265e+04  1.251e+04  1.222e+04  1.207e+04
  139899    1.3039  1.2307e+04  3.6168e-09   3.4876e+06   4.3738e+04   2.48366e+01  -1.5366e+02  -2.4776e+01   7.5616e+11   7.6743e+11   6.6520e+04    0.000   1.26e+04  1.246e+04  1.216e+04  1.202e+04
  139904    1.3278  1.2282e+04  3.6472e-09   3.4534e+06   4.3923e+04  -3.19165e+00  -2.4147e+02  -3.9148e+01   8.1430e+11   8.3201e+11   6.6528e+04    0.000  1.256e+04  1.243e+04  1.214e+04  1.201e+04
  139909    1.3491  1.2243e+04  3.6762e-09   3.4192e+06   4.4015e+04  -2.38439e+01  -3.0501e+02  -4.9948e+01   8.5626e+11   8.7864e+11   6.6050e+04    0.000  1.252e+04  1.238e+04  1.211e+04  1.197e+04
  139914    1.3607  1.2193e+04  3.7047e-09   3.3849e+06   4.4033e+04  -3.55318e+01  -3.3605e+02  -5.5725e+01   8.7257e+11   8.9722e+11   6.5239e+04    0.000  1.247e+04  1.233e+04  1.206e+04  1.192e+04
  139919    1.3707  1.2142e+04  3.7327e-09   3.3508e+06   4.4020e+04  -4.00140e+01  -3.4352e+02  -5.7702e+01   8.6830e+11   8.9350e+11   6.4358e+04    0.000  1.242e+04  1.228e+04    1.2e+04  1.187e+04
  139924    1.3799  1.2092e+04  3.7604e-09   3.3170e+06   4.3995e+04  -4.19254e+01  -3.4481e+02  -5.8641e+01   8.5896e+11   8.8425e+11   6.3501e+04    0.000  1.237e+04  1.223e+04  1.195e+04  1.181e+04
  139929    1.3895  1.2043e+04  3.7881e-09   3.2836e+06   4.3963e+04  -4.22532e+01  -3.4393e+02  -5.9184e+01   8.4811e+11   8.7334e+11   6.2686e+04    0.000  1.233e+04  1.218e+04   1.19e+04  1.176e+04
  139934    1.4003  1.1997e+04  3.8158e-09   3.2505e+06   4.3929e+04  -4.14672e+01  -3.4171e+02  -5.9461e+01   8.3639e+11   8.6145e+11   6.1925e+04    0.000  1.228e+04  1.214e+04  1.186e+04  1.171e+04
  139939    1.4105  1.1953e+04  3.8436e-09   3.2180e+06   4.3895e+04  -3.98173e+01  -3.3831e+02  -5.9486e+01   8.2371e+11   8.4852e+11   6.1220e+04    0.000  1.224e+04   1.21e+04  1.181e+04  1.167e+04
  139944    1.4214  1.1911e+04  3.8718e-09   3.1859e+06   4.3867e+04  -3.70502e+01  -3.3444e+02  -5.9383e+01   8.1059e+11   8.3512e+11   6.0578e+04    0.000   1.22e+04  1.206e+04  1.177e+04  1.162e+04
  139949    1.4287  1.1870e+04  3.9005e-09   3.1546e+06   4.3845e+04  -3.35987e+01  -3.3067e+02  -5.9231e+01   7.9752e+11   8.2177e+11   5.9997e+04    0.000  1.217e+04  1.202e+04  1.173e+04  1.158e+04
  139954    1.4396  1.1832e+04  3.9297e-09   3.1239e+06   4.3831e+04  -2.98259e+01  -3.2724e+02  -5.9106e+01   7.8460e+11   8.0861e+11   5.9475e+04    0.000  1.213e+04  1.198e+04  1.169e+04  1.154e+04
  139959    1.4537  1.1796e+04  3.9596e-09   3.0940e+06   4.3822e+04  -2.68961e+01  -3.2431e+02  -5.9041e+01   7.7179e+11   7.9558e+11   5.9004e+04    0.000   1.21e+04  1.195e+04  1.165e+04  1.151e+04
  139964    1.4706  1.1760e+04  3.9906e-09   3.0646e+06   4.3824e+04  -2.11074e+01  -3.2198e+02  -5.9053e+01   7.5893e+11   7.8255e+11   5.8587e+04    0.000  1.207e+04  1.191e+04  1.161e+04  1.147e+04
  139969    1.4900  1.1726e+04  4.0237e-09   3.0359e+06   4.3844e+04  -1.23105e+01  -3.2009e+02  -5.9111e+01   7.4616e+11   7.6964e+11   5.8244e+04    0.000  1.203e+04  1.188e+04  1.158e+04  1.144e+04
  139974    1.4965  1.1694e+04  4.0587e-09   3.0078e+06   4.3887e+04  -4.72842e+00  -3.1874e+02  -5.9195e+01   7.3359e+11   7.5697e+11   5.7975e+04    0.000    1.2e+04  1.185e+04  1.155e+04   1.14e+04
  139979    1.5045  1.1664e+04  4.0953e-09   2.9805e+06   4.3949e+04   3.06065e+00  -3.1789e+02  -5.9331e+01   7.2126e+11   7.4458e+11   5.7771e+04    0.000  1.197e+04  1.182e+04  1.152e+04  1.137e+04
  139984    1.5151  1.1635e+04  4.1335e-09   2.9539e+06   4.4031e+04   9.90348e+00  -3.1759e+02  -5.9540e+01   7.0913e+11   7.3243e+11   5.7631e+04    0.000  1.194e+04  1.179e+04  1.149e+04  1.134e+04
  139989    1.5246  1.1608e+04  4.1732e-09   2.9281e+06   4.4128e+04   1.56240e+01  -3.1770e+02  -5.9795e+01   6.9714e+11   7.2045e+11   5.7544e+04    0.000  1.191e+04  1.176e+04  1.146e+04  1.132e+04
  139994    1.5363  1.1582e+04  4.2141e-09   2.9028e+06   4.4238e+04   2.04565e+01  -3.1817e+02  -6.0093e+01   6.8525e+11   7.0859e+11   5.7504e+04    0.000  1.188e+04  1.173e+04  1.143e+04  1.129e+04
  139999    1.5505  1.1557e+04  4.2561e-09   2.8780e+06   4.4358e+04   2.45296e+01  -3.1891e+02  -6.0424e+01   6.7341e+11   6.9681e+11   5.7507e+04    0.000  1.186e+04  1.171e+04  1.141e+04  1.126e+04
  140004    1.5678  1.1533e+04  4.2995e-09   2.8536e+06   4.4492e+04   3.02937e+01  -3.1994e+02  -6.0790e+01   6.6164e+11   6.8511e+11   5.7553e+04    0.000  1.183e+04  1.168e+04  1.138e+04  1.124e+04
  140009    1.5877  1.1510e+04  4.3448e-09   2.8296e+06   4.4643e+04   3.65737e+01  -3.2133e+02  -6.1206e+01   6.4993e+11   6.7350e+11   5.7649e+04    0.000   1.18e+04  1.166e+04  1.136e+04  1.122e+04
  140014    1.6099  1.1488e+04  4.3921e-09   2.8059e+06   4.4814e+04   4.31245e+01  -3.2313e+02  -6.1673e+01   6.3823e+11   6.6193e+11   5.7801e+04    0.000  1.178e+04  1.164e+04  1.134e+04  1.119e+04
  140019    1.6341  1.1467e+04  4.4411e-09   2.7824e+06   4.4999e+04   4.66626e+01  -3.2519e+02  -6.2170e+01   6.2653e+11   6.5038e+11   5.7998e+04    0.000  1.176e+04  1.161e+04  1.132e+04  1.117e+04
  140024    1.6606  1.1446e+04  4.4911e-09   2.7590e+06   4.5189e+04   4.75090e+01  -3.2724e+02  -6.2650e+01   6.1483e+11   6.3884e+11   5.8218e+04    0.000  1.173e+04  1.159e+04   1.13e+04  1.115e+04
  140029    1.6863  1.1426e+04  4.5418e-09   2.7358e+06   4.5380e+04   4.76781e+01  -3.2914e+02  -6.3088e+01   6.0313e+11   6.2728e+11   5.8448e+04    0.000  1.171e+04  1.157e+04  1.128e+04  1.113e+04
  140034    1.7042  1.1405e+04  4.5924e-09   2.7130e+06   4.5563e+04   4.37698e+01  -3.3074e+02  -6.3348e+01   5.9152e+11   6.1578e+11   5.8670e+04    0.000  1.169e+04  1.155e+04  1.126e+04  1.111e+04
  140039    1.7189  1.1386e+04  4.6440e-09   2.6904e+06   4.5749e+04   4.72999e+01  -3.3227e+02  -6.3764e+01   5.7989e+11   6.0426e+11   5.8907e+04    0.000  1.166e+04  1.153e+04  1.124e+04   1.11e+04
  140044    1.7444  1.1366e+04  4.6963e-09   2.6682e+06   4.5937e+04   4.92925e+01  -3.3374e+02  -6.4100e+01   5.6831e+11   5.9279e+11   5.9154e+04    0.000  1.164e+04  1.151e+04  1.122e+04  1.108e+04
  140049    1.7795  1.1347e+04  4.7499e-09   2.6462e+06   4.6132e+04   5.30047e+01  -3.3527e+02  -6.4449e+01   5.5672e+11   5.8131e+11   5.9421e+04    0.000  1.162e+04  1.149e+04  1.121e+04  1.106e+04
  140054    1.7441  1.1328e+04  4.8042e-09   2.6247e+06   4.6326e+04   5.22784e+01  -3.3677e+02  -6.4685e+01   5.4521e+11   5.6991e+11   5.9694e+04    0.000   1.16e+04  1.147e+04  1.119e+04  1.105e+04
  140059    1.7353  1.1309e+04  4.8579e-09   2.6044e+06   4.6503e+04   5.09107e+01  -3.3807e+02  -6.4854e+01   5.3393e+11   5.5873e+11   5.9939e+04    0.000  1.157e+04  1.145e+04  1.117e+04  1.103e+04
  140064    1.7396  1.1290e+04  4.9129e-09   2.5845e+06   4.6686e+04   5.43645e+01  -3.3947e+02  -6.5132e+01   5.2271e+11   5.4761e+11   6.0202e+04    0.000  1.155e+04  1.143e+04  1.115e+04  1.101e+04
  140069    1.7308  1.1271e+04  4.9689e-09   2.5652e+06   4.6870e+04   5.50457e+01  -3.4093e+02  -6.5352e+01   5.1156e+11   5.3657e+11   6.0475e+04    0.000  1.153e+04  1.141e+04  1.113e+04    1.1e+04
  140074    1.7052  1.1252e+04  5.0249e-09   2.5468e+06   4.7043e+04   5.38277e+01  -3.4231e+02  -6.5524e+01   5.0063e+11   5.2574e+11   6.0733e+04    0.000  1.151e+04  1.138e+04  1.112e+04  1.098e+04
  140079    1.6811  1.1233e+04  5.0810e-09   2.5291e+06   4.7207e+04   5.31148e+01  -3.4367e+02  -6.5707e+01   4.8986e+11   5.1507e+11   6.0981e+04    0.000  1.148e+04  1.136e+04   1.11e+04  1.096e+04
  140084    1.6523  1.1214e+04  5.1366e-09   2.5122e+06   4.7358e+04   5.09804e+01  -3.4495e+02  -6.5859e+01   4.7932e+11   5.0462e+11   6.1209e+04    0.000  1.146e+04  1.134e+04  1.108e+04  1.095e+04
  140089    1.6259  1.1194e+04  5.1919e-09   2.4960e+06   4.7496e+04   4.77491e+01  -3.4610e+02  -6.5977e+01   4.6900e+11   4.9439e+11   6.1415e+04    0.000  1.143e+04  1.132e+04  1.106e+04  1.093e+04
  140094    1.6316  1.1175e+04  5.2468e-09   2.4803e+06   4.7622e+04   4.63885e+01  -3.4714e+02  -6.6139e+01   4.5886e+11   4.8433e+11   6.1607e+04    0.000  1.141e+04   1.13e+04  1.104e+04  1.091e+04
  140099    1.6759  1.1155e+04  5.3027e-09   2.4648e+06   4.7750e+04   4.76668e+01  -3.4823e+02  -6.6403e+01   4.4876e+11   4.7430e+11   6.1808e+04    0.000  1.139e+04  1.128e+04  1.103e+04   1.09e+04
  140104    1.6753  1.1136e+04  5.3595e-09   2.4492e+06   4.7879e+04   4.53682e+01  -3.4932e+02  -6.6582e+01   4.3864e+11   4.6427e+11   6.2021e+04    0.000  1.136e+04  1.126e+04  1.101e+04  1.088e+04
  140109    1.6943  1.1117e+04  5.4157e-09   2.4340e+06   4.7994e+04   4.17466e+01  -3.5017e+02  -6.6734e+01   4.2868e+11   4.5437e+11   6.2212e+04    0.000  1.134e+04  1.123e+04  1.099e+04  1.086e+04
  140114    1.7252  1.1098e+04  5.4717e-09   2.4187e+06   4.8100e+04   3.90939e+01  -3.5082e+02  -6.6874e+01   4.1877e+11   4.4450e+11   6.2392e+04    0.000  1.132e+04  1.121e+04  1.097e+04  1.085e+04
  140119    1.6857  1.1078e+04  5.5270e-09   2.4036e+06   4.8194e+04   3.28142e+01  -3.5124e+02  -6.6874e+01   4.0895e+11   4.3471e+11   6.2552e+04    0.000  1.129e+04  1.119e+04  1.096e+04  1.083e+04
  140124    1.6498  1.1058e+04  5.5797e-09   2.3891e+06   4.8255e+04   2.48870e+01  -3.5122e+02  -6.6751e+01   3.9950e+11   4.2526e+11   6.2648e+04    0.000  1.127e+04  1.117e+04  1.094e+04  1.082e+04
  140129    1.6536  1.1039e+04  5.6307e-09   2.3748e+06   4.8295e+04   2.01036e+01  -3.5097e+02  -6.6691e+01   3.9028e+11   4.1603e+11   6.2703e+04    0.000  1.124e+04  1.115e+04  1.092e+04   1.08e+04
  140134    1.6857  1.1019e+04  5.6809e-09   2.3604e+06   4.8325e+04   1.72482e+01  -3.5065e+02  -6.6708e+01   3.8112e+11   4.0685e+11   6.2743e+04    0.000  1.122e+04  1.113e+04   1.09e+04  1.078e+04
