# log10 kappa(this work) - log10 kappa(ext2) on the ext2 nodes, per log T row; columns: log rho = -21 -20 -19 -18 -17 -16 -15 -14 -13 -12
## planck
3.450  -0.06  +0.03  +0.03  -0.00  -0.03  -0.06  -0.06  -0.06  -0.06  -0.01
3.475  -0.24  -0.07  +0.03  +0.03  +0.01  -0.03  -0.04  -0.04  -0.04  -0.04
3.500  -0.23  -0.16  -0.04  +0.04  +0.04  +0.01  -0.01  -0.01  -0.01  -0.02
3.525  -0.12  -0.13  -0.08  +0.00  +0.06  +0.05  +0.03  +0.02  +0.02  +0.00
3.550  +0.00  -0.03  -0.05  -0.03  +0.03  +0.07  +0.06  +0.05  +0.05  +0.05
3.575  +0.22  +0.17  +0.12  +0.09  +0.10  +0.13  +0.13  +0.10  +0.09  +0.09
3.600  +0.35  +0.36  +0.30  +0.24  +0.20  +0.19  +0.18  +0.14  +0.12  +0.12
3.625  +0.20  +0.49  +0.50  +0.43  +0.36  +0.31  +0.27  +0.21  +0.17  +0.16
3.650  -0.19  +0.31  +0.59  +0.59  +0.52  +0.43  +0.37  +0.28  +0.21  +0.19
3.675  -0.78  -0.06  +0.41  +0.65  +0.62  +0.51  +0.39  +0.32  +0.26  +0.22
3.700  -1.21  -0.65  +0.02  +0.46  +0.64  +0.56  +0.42  +0.37  +0.31  +0.26
3.725  -0.99  -0.98  -0.50  +0.10  +0.47  +0.57  +0.44  +0.35  +0.30  +0.25
3.750  -0.57  -0.81  -0.85  -0.43  +0.10  +0.39  +0.40  +0.33  +0.29  +0.26
3.775  -0.20  -0.48  -0.73  -0.76  -0.34  +0.14  +0.38  +0.36  +0.28  +0.22
3.800  +0.16  -0.14  -0.43  -0.68  -0.68  -0.25  +0.17  +0.29  +0.23  +0.18
3.825  +0.55  +0.30  +0.02  -0.27  -0.50  -0.44  +0.01  +0.27  +0.26  +0.19
3.850  +0.88  +0.68  +0.45  +0.16  -0.12  -0.32  -0.16  +0.15  +0.19  +0.14
3.875  +0.94  +0.76  +0.58  +0.36  +0.10  -0.16  -0.30  -0.07  +0.14  +0.17
3.900  +0.87  +0.81  +0.66  +0.50  +0.30  +0.04  -0.19  -0.19  +0.04  +0.10
3.925  +0.68  +0.48  +0.42  +0.30  +0.19  +0.01  -0.20  -0.33  -0.17  +0.04
3.950  +0.63  +0.34  +0.16  +0.10  +0.02  -0.06  -0.21  -0.35  -0.25  -0.03
3.975  +0.30  +0.14  -0.07  -0.19  -0.21  -0.24  -0.27  -0.35  -0.33  -0.18
4.000  -0.07  -0.15  -0.25  -0.38  -0.44  -0.42  -0.38  -0.37  -0.35  -0.24
4.025  +0.09  +0.01  -0.08  -0.17  -0.28  -0.34  -0.33  -0.32  -0.32  -0.33
4.050  +0.14  +0.05  -0.04  -0.12  -0.21  -0.31  -0.35  -0.37  -0.36  -0.36
4.075  +0.27  +0.09  -0.01  -0.10  -0.19  -0.28  -0.36  -0.41  -0.42  -0.37
4.100  +0.59  +0.24  +0.04  -0.06  -0.15  -0.23  -0.31  -0.38  -0.44  -0.41
4.125  +0.64  +0.49  +0.19  -0.00  -0.10  -0.18  -0.25  -0.31  -0.42  -0.44
4.150  +0.55  +0.47  +0.35  +0.09  -0.08  -0.16  -0.22  -0.26  -0.38  -0.46
4.175  +0.41  +0.35  +0.29  +0.18  -0.04  -0.18  -0.24  -0.28  -0.38  -0.47
4.200  +0.18  +0.15  +0.10  +0.05  -0.05  -0.22  -0.31  -0.36  -0.44  -0.49
4.225  -0.17  -0.06  -0.08  -0.11  -0.16  -0.24  -0.37  -0.45  -0.49  -0.51
4.250  -0.83  -0.38  -0.23  -0.24  -0.27  -0.31  -0.39  -0.50  -0.53  -0.53
4.275  -1.03  -0.88  -0.47  -0.32  -0.33  -0.37  -0.42  -0.50  -0.54  -0.53
4.300  -0.90  -1.01  -0.91  -0.55  -0.42  -0.44  -0.48  -0.53  -0.56  -0.55
## rosseland
3.450  +0.02  +0.02  +0.01  -0.01  -0.02  -0.03  -0.03  -0.04  -0.04  -0.03
3.475  +0.01  +0.02  +0.02  +0.02  +0.00  -0.01  -0.02  -0.04  -0.06  -0.05
3.500  +0.01  +0.01  +0.02  +0.03  +0.03  +0.01  -0.01  -0.03  -0.06  -0.08
3.525  +0.04  +0.02  -0.00  -0.03  -0.03  -0.04  -0.06  -0.05  -0.04  -0.05
3.550  +0.00  +0.00  +0.01  +0.01  +0.02  +0.02  -0.00  -0.00  -0.02  -0.06
3.575  +0.12  +0.08  +0.04  +0.02  +0.01  -0.02  -0.04  -0.05  -0.07  -0.07
3.600  +0.00  +0.00  +0.00  +0.00  +0.01  +0.00  -0.01  -0.01  -0.01  -0.02
3.625  +0.01  +0.05  +0.10  +0.07  +0.03  +0.01  -0.01  -0.03  -0.03  -0.05
3.650  +0.00  +0.00  +0.00  +0.00  +0.00  +0.00  -0.01  -0.02  -0.02  -0.02
3.675  -0.00  +0.00  +0.01  +0.05  +0.08  +0.05  +0.02  -0.00  -0.02  -0.03
3.700  -0.00  -0.00  +0.00  +0.00  +0.00  +0.01  +0.00  -0.01  -0.01  -0.02
3.725  -0.00  -0.00  -0.00  +0.00  +0.02  +0.06  +0.06  +0.02  +0.00  -0.01
3.750  -0.00  -0.01  -0.00  -0.00  +0.00  +0.00  +0.00  +0.01  -0.00  -0.01
3.775  -0.03  -0.01  -0.01  -0.00  -0.00  +0.01  +0.03  +0.05  +0.03  +0.01
3.800  -0.00  -0.00  -0.00  -0.01  -0.00  -0.00  +0.00  +0.01  +0.01  +0.00
3.825  +0.03  -0.01  -0.03  -0.01  -0.00  -0.00  +0.00  +0.02  +0.04  +0.03
3.850  +0.00  -0.00  -0.00  -0.00  -0.00  -0.00  +0.00  +0.00  +0.01  +0.01
3.875  +0.00  +0.01  +0.03  -0.00  -0.02  -0.01  -0.00  +0.00  +0.01  +0.04
3.900  +0.00  +0.00  +0.00  +0.00  +0.00  -0.00  -0.00  +0.00  +0.01  +0.01
3.925  +0.00  +0.00  +0.00  +0.01  +0.02  -0.01  -0.02  -0.00  +0.00  +0.01
3.950  +0.00  +0.00  +0.00  +0.00  +0.00  +0.00  +0.00  +0.00  +0.00  +0.01
3.975  +0.00  +0.00  +0.00  +0.01  +0.01  +0.01  +0.02  -0.01  -0.01  +0.01
4.000  +0.00  +0.00  +0.00  +0.01  +0.01  +0.01  +0.00  +0.00  +0.00  +0.01
4.025  +0.00  +0.00  +0.00  +0.00  +0.01  +0.01  +0.01  +0.01  -0.00  -0.02
4.050  +0.00  +0.00  +0.00  +0.00  +0.00  +0.00  +0.00  +0.00  -0.00  -0.01
4.075  -0.00  +0.00  -0.00  -0.00  -0.00  -0.00  +0.00  -0.00  -0.00  -0.00
4.100  -0.01  -0.00  -0.00  -0.00  -0.01  -0.01  -0.00  -0.00  -0.00  +0.00
4.125  -0.03  -0.01  -0.00  -0.00  -0.01  -0.01  -0.00  -0.00  -0.01  -0.00
4.150  -0.02  -0.01  -0.00  -0.00  -0.01  -0.01  -0.01  -0.01  -0.01  -0.01
4.175  +0.02  +0.01  -0.01  -0.01  -0.01  -0.01  -0.01  -0.01  -0.01  -0.01
4.200  +0.02  +0.04  -0.00  -0.03  -0.02  -0.01  -0.01  -0.01  -0.01  -0.01
4.225  +0.01  +0.02  +0.01  -0.02  -0.02  -0.01  -0.01  -0.01  -0.01  -0.01
4.250  +0.00  +0.00  +0.00  +0.01  +0.01  -0.01  -0.01  -0.01  -0.01  -0.02
4.275  +0.00  +0.00  +0.00  +0.02  +0.04  +0.01  -0.03  -0.03  -0.02  -0.02
4.300  +0.00  +0.00  +0.00  +0.01  +0.04  +0.03  -0.02  -0.04  -0.02  -0.02
