# log T, log rho, log kP, fractions of kP: lines bf ff H- molecules; log kR, log kes, log kR_cont(no lines), log n_e
3.450 -21.00  -0.439  1.000 2.69e-13 1.43e-15 5.47e-14 2.26e-08   -3.605  -3.647  -3.607  -0.47
3.450 -20.50  -0.356  1.000 4.28e-13 2.15e-15 1.08e-13 1.26e-07   -3.716  -3.768  -3.719  -0.09
3.450 -20.00  -0.312  1.000 7.54e-13 3.69e-15 2.40e-13 6.94e-07   -3.816  -3.878  -3.819   0.30
3.450 -19.50  -0.292  1.000 1.31e-12 6.40e-15 5.50e-13 3.33e-06   -3.924  -3.998  -3.927   0.68
3.450 -19.00  -0.283  1.000 2.25e-12 1.13e-14 1.28e-12 1.37e-05   -4.032  -4.121  -4.035   1.06
3.450 -18.50  -0.279  1.000 4.20e-12 2.17e-14 3.16e-12 4.99e-05   -4.122  -4.226  -4.126   1.45
3.450 -18.00  -0.277  1.000 8.96e-12 4.84e-14 8.37e-12 1.68e-04   -4.184  -4.301  -4.190   1.88
3.450 -17.50  -0.276  0.999 2.14e-11 1.22e-13 2.36e-11 5.46e-04   -4.223  -4.351  -4.232   2.33
3.450 -17.00  -0.276  0.998 5.67e-11 3.37e-13 6.97e-11 1.72e-03   -4.244  -4.380  -4.256   2.80
3.450 -16.50  -0.274  0.995 1.64e-10 9.96e-13 2.13e-10 5.28e-03   -4.250  -4.393  -4.267   3.28
3.450 -16.00  -0.269  0.985 4.94e-10 3.04e-12 6.57e-10 1.51e-02   -4.248  -4.399  -4.272   3.78
3.450 -15.50  -0.259  0.963 1.49e-09 9.22e-12 2.01e-09 3.71e-02   -4.241  -4.402  -4.275   4.27
3.450 -15.00  -0.241  0.929 4.37e-09 2.73e-11 6.03e-09 7.08e-02   -4.235  -4.408  -4.280   4.77
3.450 -14.50  -0.219  0.896 1.20e-08 7.69e-11 1.76e-08 1.04e-01   -4.236  -4.422  -4.291   5.25
3.450 -14.00  -0.193  0.877 2.89e-08 1.97e-10 4.85e-08 1.23e-01   -4.252  -4.455  -4.318   5.72
3.450 -13.50  -0.156  0.873 5.73e-08 4.38e-10 1.23e-07 1.27e-01   -4.287  -4.513  -4.365   6.16
3.450 -13.00  -0.099  0.876 9.36e-08 8.25e-10 2.81e-07 1.24e-01   -4.341  -4.597  -4.430   6.58
3.450 -12.50  -0.026  0.867 1.33e-07 1.33e-09 5.84e-07 1.33e-01   -4.408  -4.707  -4.512   6.97
3.450 -12.00   0.056  0.820 1.69e-07 1.85e-09 1.11e-06 1.80e-01   -4.482  -4.844  -4.605   7.33
3.500 -21.00  -0.252  1.000 1.34e-11 1.12e-13 3.33e-13 6.05e-12   -2.514  -2.522  -2.516   0.65
3.500 -20.50  -0.205  1.000 1.30e-11 1.06e-13 5.51e-13 3.14e-11   -2.748  -2.761  -2.750   0.92
3.500 -20.00  -0.141  1.000 1.26e-11 9.91e-14 8.82e-13 1.57e-10   -2.974  -2.994  -2.977   1.18
3.500 -19.50  -0.062  1.000 1.27e-11 9.41e-14 1.40e-12 7.74e-10   -3.186  -3.216  -3.189   1.46
3.500 -19.00   0.022  1.000 1.40e-11 9.63e-14 2.29e-12 3.84e-09   -3.378  -3.419  -3.381   1.76
3.500 -18.50   0.094  1.000 1.78e-11 1.13e-13 4.07e-12 1.98e-08   -3.542  -3.598  -3.546   2.08
3.500 -18.00   0.143  1.000 2.63e-11 1.57e-13 8.06e-12 1.04e-07   -3.681  -3.752  -3.685   2.43
3.500 -17.50   0.171  1.000 4.16e-11 2.41e-13 1.72e-11 5.11e-07   -3.807  -3.895  -3.812   2.78
3.500 -17.00   0.184  1.000 6.69e-11 3.87e-13 3.82e-11 2.20e-06   -3.928  -4.035  -3.933   3.14
3.500 -16.50   0.191  1.000 1.13e-10 6.71e-13 8.87e-11 8.40e-06   -4.035  -4.163  -4.041   3.51
3.500 -16.00   0.194  1.000 2.16e-10 1.33e-12 2.21e-10 2.93e-05   -4.116  -4.263  -4.124   3.91
3.500 -15.50   0.195  1.000 4.72e-10 3.07e-12 5.98e-10 9.65e-05   -4.168  -4.331  -4.179   4.35
3.500 -15.00   0.195  1.000 1.18e-09 8.06e-12 1.72e-09 3.08e-04   -4.195  -4.371  -4.212   4.81
3.500 -14.50   0.196  0.999 3.30e-09 2.33e-11 5.19e-09 9.58e-04   -4.203  -4.390  -4.227   5.29
3.500 -14.00   0.198  0.997 9.85e-09 7.05e-11 1.60e-08 2.83e-03   -4.199  -4.399  -4.234   5.78
3.500 -13.50   0.202  0.993 2.97e-08 2.15e-10 4.96e-08 7.46e-03   -4.188  -4.405  -4.238   6.27
3.500 -13.00   0.211  0.984 8.54e-08 6.30e-10 1.49e-07 1.58e-02   -4.178  -4.416  -4.246   6.76
3.500 -12.50   0.231  0.975 2.18e-07 1.69e-09 4.25e-07 2.52e-02   -4.176  -4.443  -4.262   7.23
3.500 -12.00   0.268  0.969 4.52e-07 3.86e-09 1.09e-06 3.12e-02   -4.184  -4.494  -4.291   7.68
3.550 -21.00   0.252  1.000 4.55e-10 4.46e-12 7.46e-13 1.73e-15   -1.384  -1.386  -1.386   1.79
3.550 -20.50   0.258  1.000 5.23e-10 5.12e-12 1.63e-12 1.17e-14   -1.601  -1.604  -1.603   2.07
3.550 -20.00   0.266  1.000 5.61e-10 5.48e-12 3.23e-12 7.21e-14   -1.830  -1.835  -1.833   2.34
3.550 -19.50   0.280  1.000 5.77e-10 5.61e-12 6.00e-12 4.18e-13   -2.066  -2.073  -2.069   2.60
3.550 -19.00   0.302  1.000 5.77e-10 5.55e-12 1.06e-11 2.32e-12   -2.304  -2.314  -2.307   2.86
3.550 -18.50   0.335  1.000 5.65e-10 5.36e-12 1.81e-11 1.24e-11   -2.540  -2.555  -2.544   3.12
3.550 -18.00   0.380  1.000 5.51e-10 5.09e-12 3.01e-11 6.39e-11   -2.772  -2.794  -2.776   3.38
3.550 -17.50   0.435  1.000 5.47e-10 4.87e-12 4.94e-11 3.21e-10   -2.994  -3.026  -2.999   3.65
3.550 -17.00   0.492  1.000 5.77e-10 4.86e-12 8.24e-11 1.61e-09   -3.201  -3.248  -3.207   3.93
3.550 -16.50   0.541  1.000 6.73e-10 5.30e-12 1.45e-10 8.06e-09   -3.391  -3.455  -3.397   4.22
3.550 -16.00   0.577  1.000 8.74e-10 6.45e-12 2.73e-10 3.98e-08   -3.559  -3.644  -3.567   4.53
3.550 -15.50   0.599  1.000 1.23e-09 8.64e-12 5.48e-10 1.84e-07   -3.711  -3.820  -3.719   4.86
3.550 -15.00   0.610  1.000 1.80e-09 1.25e-11 1.16e-09 7.69e-07   -3.849  -3.984  -3.858   5.19
3.550 -14.50   0.616  1.000 2.84e-09 1.98e-11 2.57e-09 2.89e-06   -3.967  -4.130  -3.978   5.55
3.550 -14.00   0.619  1.000 5.06e-09 3.65e-11 6.19e-09 1.00e-05   -4.056  -4.246  -4.071   5.93
3.550 -13.50   0.620  1.000 1.05e-08 8.00e-11 1.63e-08 3.30e-05   -4.111  -4.325  -4.132   6.35
3.550 -13.00   0.621  1.000 2.57e-08 2.05e-10 4.63e-08 1.05e-04   -4.135  -4.370  -4.166   6.81
3.550 -12.50   0.622  1.000 7.15e-08 5.88e-10 1.39e-07 3.26e-04   -4.134  -4.392  -4.179   7.29
3.550 -12.00   0.625  0.999 2.10e-07 1.75e-09 4.26e-07 9.51e-04   -4.113  -4.403  -4.178   7.77
3.600 -21.00   0.652  1.000 1.18e-09 1.32e-11 5.18e-14 6.66e-20   -0.865  -0.866  -0.866   2.31
3.600 -20.50   0.707  1.000 2.73e-09 3.04e-11 3.43e-13 1.32e-18   -0.905  -0.907  -0.907   2.77
3.600 -20.00   0.729  1.000 5.53e-09 6.17e-11 1.81e-12 2.00e-17   -0.990  -0.993  -0.993   3.18
3.600 -19.50   0.738  1.000 9.01e-09 1.01e-10 6.75e-12 2.10e-16   -1.129  -1.132  -1.132   3.54
3.600 -19.00   0.744  1.000 1.21e-08 1.35e-10 1.88e-11 1.67e-15   -1.311  -1.315  -1.314   3.86
3.600 -18.50   0.751  1.000 1.44e-08 1.60e-10 4.33e-11 1.12e-14   -1.520  -1.526  -1.524   4.15
3.600 -18.00   0.759  1.000 1.57e-08 1.74e-10 8.81e-11 6.83e-14   -1.745  -1.753  -1.750   4.42
3.600 -17.50   0.771  1.000 1.63e-08 1.80e-10 1.66e-10 3.93e-13   -1.978  -1.989  -1.984   4.69
3.600 -17.00   0.791  1.000 1.64e-08 1.80e-10 2.99e-10 2.17e-12   -2.214  -2.229  -2.221   4.95
3.600 -16.50   0.818  1.000 1.62e-08 1.76e-10 5.18e-10 1.16e-11   -2.449  -2.471  -2.457   5.21
3.600 -16.00   0.853  1.000 1.60e-08 1.70e-10 8.78e-10 5.99e-11   -2.679  -2.711  -2.688   5.47
3.600 -15.50   0.892  1.000 1.61e-08 1.66e-10 1.48e-09 3.03e-10   -2.902  -2.947  -2.912   5.73
3.600 -15.00   0.929  1.000 1.70e-08 1.68e-10 2.55e-09 1.50e-09   -3.113  -3.176  -3.124   6.00
3.600 -14.50   0.959  1.000 1.93e-08 1.81e-10 4.56e-09 7.27e-09   -3.310  -3.395  -3.322   6.28
3.600 -14.00   0.979  1.000 2.36e-08 2.10e-10 8.53e-09 3.33e-08   -3.490  -3.603  -3.504   6.57
3.600 -13.50   0.991  1.000 3.05e-08 2.60e-10 1.67e-08 1.41e-07   -3.654  -3.799  -3.669   6.88
3.600 -13.00   0.998  1.000 4.19e-08 3.51e-10 3.42e-08 5.41e-07   -3.798  -3.981  -3.817   7.20
3.600 -12.50   1.002  1.000 6.32e-08 5.32e-10 7.46e-08 1.93e-06   -3.914  -4.139  -3.938   7.54
3.600 -12.00   1.004  1.000 1.10e-07 9.59e-10 1.78e-07 6.48e-06   -3.989  -4.260  -4.024   7.92
3.650 -21.00   0.063  1.000 3.04e-09 3.85e-11 1.91e-15 7.41e-24   -0.841  -0.843  -0.843   2.33
3.650 -20.50   0.392  1.000 4.50e-09 5.70e-11 8.93e-15 1.09e-22   -0.841  -0.844  -0.844   2.83
3.650 -20.00   0.664  1.000 7.53e-09 9.55e-11 4.71e-14 1.82e-21   -0.842  -0.846  -0.846   3.33
3.650 -19.50   0.894  1.000 1.36e-08 1.73e-10 2.66e-13 3.20e-20   -0.848  -0.852  -0.852   3.83
3.650 -19.00   1.045  1.000 2.81e-08 3.56e-10 1.67e-12 6.08e-19   -0.865  -0.869  -0.869   4.31
3.650 -18.50   1.117  1.000 6.14e-08 7.78e-10 1.04e-11 1.08e-17   -0.909  -0.914  -0.914   4.76
3.650 -18.00   1.146  1.000 1.19e-07 1.51e-09 5.16e-11 1.40e-16   -0.999  -1.005  -1.005   5.17
3.650 -17.50   1.160  1.000 1.88e-07 2.38e-09 1.84e-10 1.21e-15   -1.142  -1.150  -1.149   5.53
3.650 -17.00   1.168  1.000 2.47e-07 3.13e-09 4.98e-10 7.73e-15   -1.327  -1.336  -1.335   5.84
3.650 -16.50   1.176  1.000 2.88e-07 3.64e-09 1.12e-09 4.22e-14   -1.537  -1.549  -1.546   6.13
3.650 -16.00   1.186  1.000 3.12e-07 3.94e-09 2.26e-09 2.16e-13   -1.762  -1.777  -1.772   6.40
3.650 -15.50   1.199  1.000 3.23e-07 4.05e-09 4.23e-09 1.09e-12   -1.993  -2.014  -2.006   6.66
3.650 -15.00   1.218  1.000 3.25e-07 4.05e-09 7.58e-09 5.51e-12   -2.226  -2.255  -2.241   6.92
3.650 -14.50   1.242  1.000 3.24e-07 3.98e-09 1.32e-08 2.77e-11   -2.458  -2.497  -2.474   7.18
3.650 -14.00   1.269  1.000 3.24e-07 3.91e-09 2.28e-08 1.37e-10   -2.684  -2.737  -2.702   7.44
3.650 -13.50   1.294  1.000 3.34e-07 3.92e-09 3.96e-08 6.66e-10   -2.901  -2.974  -2.921   7.70
3.650 -13.00   1.315  1.000 3.59e-07 4.06e-09 7.03e-08 3.12e-09   -3.106  -3.206  -3.129   7.97
3.650 -12.50   1.330  1.000 4.06e-07 4.41e-09 1.28e-07 1.38e-08   -3.297  -3.431  -3.323   8.25
3.650 -12.00   1.339  1.000 4.79e-07 5.02e-09 2.41e-07 5.64e-08   -3.468  -3.648  -3.498   8.53
3.700 -21.00  -1.115  1.000 2.74e-08 3.93e-10 3.75e-16 1.56e-26   -0.842  -0.843  -0.843   2.33
3.700 -20.50  -0.797  1.000 4.16e-08 5.97e-10 1.81e-15 2.37e-25   -0.841  -0.843  -0.843   2.83
3.700 -20.00  -0.386  1.000 5.11e-08 7.33e-10 7.01e-15 2.91e-24   -0.840  -0.843  -0.843   3.33
3.700 -19.50   0.049  1.000 5.93e-08 8.50e-10 2.57e-14 3.37e-23   -0.839  -0.843  -0.843   3.83
3.700 -19.00   0.455  1.000 7.34e-08 1.05e-09 1.01e-13 4.17e-22   -0.838  -0.844  -0.844   4.33
3.700 -18.50   0.792  1.000 1.06e-07 1.52e-09 4.59e-13 6.00e-21   -0.838  -0.845  -0.845   4.83
3.700 -18.00   1.066  1.000 1.76e-07 2.53e-09 2.39e-12 9.77e-20   -0.840  -0.848  -0.848   5.33
3.700 -17.50   1.284  1.000 3.21e-07 4.61e-09 1.35e-11 1.70e-18   -0.849  -0.859  -0.858   5.82
3.700 -17.00   1.419  1.000 6.52e-07 9.36e-09 8.08e-11 2.99e-17   -0.877  -0.887  -0.887   6.29
3.700 -16.50   1.484  1.000 1.31e-06 1.88e-08 4.39e-10 4.35e-16   -0.942  -0.954  -0.954   6.72
3.700 -16.00   1.515  1.000 2.22e-06 3.19e-08 1.79e-09 4.23e-15   -1.059  -1.073  -1.072   7.10
3.700 -15.50   1.533  1.000 3.12e-06 4.47e-08 5.40e-09 2.76e-14   -1.224  -1.241  -1.239   7.44
3.700 -15.00   1.545  1.000 3.78e-06 5.42e-08 1.30e-08 1.38e-13   -1.421  -1.443  -1.439   7.73
3.700 -14.50   1.557  1.000 4.20e-06 6.01e-08 2.72e-08 6.02e-13   -1.638  -1.665  -1.658   8.01
3.700 -14.00   1.569  1.000 4.42e-06 6.30e-08 5.25e-08 2.50e-12   -1.863  -1.898  -1.886   8.28
3.700 -13.50   1.584  1.000 4.51e-06 6.39e-08 9.62e-08 1.04e-11   -2.091  -2.137  -2.118   8.54
3.700 -13.00   1.602  1.000 4.54e-06 6.37e-08 1.71e-07 4.45e-11   -2.317  -2.379  -2.348   8.80
3.700 -12.50   1.620  1.000 4.58e-06 6.34e-08 3.01e-07 1.95e-10   -2.537  -2.621  -2.572   9.06
3.700 -12.00   1.637  1.000 4.71e-06 6.39e-08 5.31e-07 8.57e-10   -2.745  -2.862  -2.785   9.32
3.750 -21.00  -0.814  1.000 8.18e-09 1.33e-10 3.73e-18 3.21e-30   -0.842  -0.843  -0.843   2.33
3.750 -20.50  -0.807  1.000 2.54e-08 4.12e-10 3.66e-17 9.97e-29   -0.842  -0.843  -0.843   2.83
3.750 -20.00  -0.783  1.000 7.60e-08 1.23e-09 3.46e-16 2.99e-27   -0.842  -0.843  -0.843   3.33
3.750 -19.50  -0.716  1.000 2.06e-07 3.34e-09 2.96e-15 8.08e-26   -0.841  -0.843  -0.843   3.83
3.750 -19.00  -0.552  1.000 4.46e-07 7.24e-09 2.03e-14 1.75e-24   -0.840  -0.843  -0.843   4.33
3.750 -18.50  -0.253  1.000 7.08e-07 1.15e-08 1.02e-13 2.78e-23   -0.839  -0.843  -0.843   4.83
3.750 -18.00   0.142  1.000 9.02e-07 1.47e-08 4.11e-13 3.54e-22   -0.837  -0.843  -0.843   5.33
3.750 -17.50   0.561  1.000 1.09e-06 1.76e-08 1.56e-12 4.26e-21   -0.834  -0.843  -0.843   5.83
3.750 -17.00   0.943  1.000 1.42e-06 2.30e-08 6.44e-12 5.54e-20   -0.832  -0.844  -0.844   6.33
3.750 -16.50   1.255  1.000 2.15e-06 3.50e-08 3.07e-11 8.28e-19   -0.832  -0.847  -0.847   6.83
3.750 -16.00   1.505  1.000 3.68e-06 5.97e-08 1.62e-10 1.35e-17   -0.839  -0.857  -0.856   7.32
3.750 -15.50   1.681  1.000 6.89e-06 1.12e-07 9.07e-10 2.24e-16   -0.862  -0.882  -0.882   7.79
3.750 -15.00   1.783  1.000 1.30e-05 2.12e-07 4.71e-09 3.14e-15   -0.920  -0.943  -0.942   8.23
3.750 -14.50   1.842  1.000 2.14e-05 3.48e-07 1.89e-08 3.01e-14   -1.027  -1.056  -1.052   8.62
3.750 -14.00   1.881  1.000 2.93e-05 4.75e-07 5.62e-08 1.92e-13   -1.183  -1.218  -1.211   8.96
3.750 -13.50   1.908  1.000 3.50e-05 5.67e-07 1.34e-07 9.19e-13   -1.371  -1.416  -1.402   9.26
3.750 -13.00   1.927  1.000 3.85e-05 6.23e-07 2.80e-07 3.75e-12   -1.576  -1.636  -1.612   9.54
3.750 -12.50   1.943  1.000 4.04e-05 6.51e-07 5.39e-07 1.42e-11   -1.788  -1.869  -1.828   9.81
3.750 -12.00   1.957  1.000 4.13e-05 6.63e-07 9.94e-07 5.27e-11   -1.998  -2.108  -2.043  10.07
3.800 -21.00  -0.296  1.000 2.04e-09 3.49e-11 4.18e-20 1.16e-33   -0.787  -0.788  -0.788   2.39
3.800 -20.50  -0.292  1.000 5.34e-09 9.49e-11 3.60e-19 3.15e-32   -0.818  -0.819  -0.818   2.86
3.800 -20.00  -0.290  1.000 1.54e-08 2.78e-10 3.33e-18 9.23e-31   -0.833  -0.834  -0.834   3.34
3.800 -19.50  -0.288  1.000 4.67e-08 8.53e-10 3.23e-17 2.83e-29   -0.839  -0.840  -0.840   3.84
3.800 -19.00  -0.284  1.000 1.44e-07 2.65e-09 3.17e-16 8.79e-28   -0.840  -0.842  -0.842   4.34
3.800 -18.50  -0.273  1.000 4.43e-07 8.14e-09 3.08e-15 2.70e-26   -0.840  -0.843  -0.843   4.83
3.800 -18.00  -0.240  1.000 1.30e-06 2.38e-08 2.85e-14 7.90e-25   -0.839  -0.843  -0.843   5.33
3.800 -17.50  -0.149  1.000 3.32e-06 6.11e-08 2.31e-13 2.03e-23   -0.838  -0.843  -0.843   5.83
3.800 -17.00   0.052  1.000 6.61e-06 1.21e-07 1.45e-12 4.03e-22   -0.835  -0.843  -0.843   6.33
3.800 -16.50   0.379  1.000 9.84e-06 1.81e-07 6.84e-12 5.99e-21   -0.832  -0.843  -0.843   6.83
3.800 -16.00   0.774  1.000 1.25e-05 2.30e-07 2.75e-11 7.60e-20   -0.827  -0.844  -0.843   7.33
3.800 -15.50   1.164  1.000 1.60e-05 2.95e-07 1.11e-10 9.69e-19   -0.823  -0.845  -0.845   7.83
3.800 -15.00   1.497  1.000 2.31e-05 4.25e-07 5.03e-10 1.37e-17   -0.820  -0.849  -0.848   8.33
3.800 -14.50   1.765  1.000 3.75e-05 6.88e-07 2.51e-09 2.10e-16   -0.825  -0.860  -0.858   8.82
3.800 -14.00   1.968  1.000 6.44e-05 1.18e-06 1.27e-08 3.10e-15   -0.849  -0.891  -0.885   9.29
3.800 -13.50   2.110  1.000 1.06e-04 1.95e-06 5.63e-08 3.63e-14   -0.907  -0.961  -0.946   9.72
3.800 -13.00   2.213  1.000 1.50e-04 2.76e-06 1.89e-07 2.84e-13   -1.010  -1.084  -1.051  10.09
3.800 -12.50   2.286  1.000 1.83e-04 3.36e-06 4.92e-07 1.54e-12   -1.151  -1.255  -1.194  10.42
3.800 -12.00   2.333  1.000 2.03e-04 3.73e-06 1.08e-06 6.65e-12   -1.313  -1.459  -1.359  10.72
3.850 -21.00   0.041  1.000 9.86e-10 1.71e-11 1.22e-21 1.55e-36   -0.688  -0.689  -0.689   2.49
3.850 -20.50   0.082  1.000 2.76e-09 4.81e-11 1.09e-20 4.36e-35   -0.693  -0.693  -0.693   2.98
3.850 -20.00   0.131  1.000 7.27e-09 1.28e-10 9.19e-20 1.16e-33   -0.705  -0.706  -0.706   3.47
3.850 -19.50   0.167  1.000 1.82e-08 3.31e-10 7.49e-19 3.00e-32   -0.731  -0.732  -0.732   3.94
3.850 -19.00   0.185  1.000 4.43e-08 8.39e-10 6.00e-18 7.61e-31   -0.770  -0.771  -0.771   4.41
3.850 -18.50   0.192  1.000 1.12e-07 2.21e-09 4.99e-17 2.00e-29   -0.806  -0.808  -0.807   4.87
3.850 -18.00   0.196  1.000 3.08e-07 6.27e-09 4.48e-16 5.69e-28   -0.827  -0.829  -0.829   5.35
3.850 -17.50   0.200  1.000 9.15e-07 1.88e-08 4.26e-15 1.71e-26   -0.835  -0.838  -0.838   5.84
3.850 -17.00   0.208  1.000 2.78e-06 5.76e-08 4.12e-14 5.23e-25   -0.837  -0.841  -0.841   6.34
3.850 -16.50   0.232  1.000 8.27e-06 1.72e-07 3.88e-13 1.56e-23   -0.836  -0.842  -0.842   6.83
3.850 -16.00   0.299  1.000 2.23e-05 4.63e-07 3.32e-12 4.21e-22   -0.833  -0.843  -0.843   7.33
3.850 -15.50   0.460  1.000 4.88e-05 1.01e-06 2.29e-11 9.18e-21   -0.828  -0.843  -0.843   7.83
3.850 -15.00   0.745  1.000 7.98e-05 1.66e-06 1.18e-10 1.50e-19   -0.822  -0.843  -0.843   8.33
3.850 -14.50   1.117  1.000 1.07e-04 2.22e-06 5.01e-10 2.00e-18   -0.813  -0.844  -0.843   8.83
3.850 -14.00   1.500  1.000 1.39e-04 2.88e-06 2.04e-09 2.57e-17   -0.803  -0.846  -0.842   9.33
3.850 -13.50   1.841  1.000 1.94e-04 4.02e-06 8.91e-09 3.49e-16   -0.793  -0.853  -0.842   9.82
3.850 -13.00   2.132  1.000 2.88e-04 5.97e-06 4.00e-08 4.71e-15   -0.787  -0.871  -0.841  10.31
3.850 -12.50   2.375  1.000 4.18e-04 8.67e-06 1.65e-07 5.42e-14   -0.793  -0.919  -0.848  10.76
3.850 -12.00   2.568  0.999 5.46e-04 1.13e-05 5.46e-07 4.44e-13   -0.822  -1.014  -0.875  11.16
3.900 -21.00   0.125  1.000 4.92e-10 9.57e-12 5.51e-23 4.35e-39   -0.685  -0.687  -0.687   2.49
3.900 -20.50   0.234  1.000 1.21e-09 2.36e-11 4.30e-22 1.07e-37   -0.685  -0.687  -0.687   2.99
3.900 -20.00   0.342  1.000 2.98e-09 5.80e-11 3.34e-21 2.64e-36   -0.685  -0.687  -0.687   3.49
3.900 -19.50   0.411  1.000 8.00e-09 1.56e-10 2.84e-20 7.09e-35   -0.686  -0.687  -0.687   3.99
3.900 -19.00   0.459  1.000 2.25e-08 4.39e-10 2.53e-19 2.00e-33   -0.687  -0.689  -0.689   4.49
3.900 -18.50   0.512  1.000 6.12e-08 1.20e-09 2.19e-18 5.47e-32   -0.692  -0.694  -0.694   4.98
3.900 -18.00   0.571  1.000 1.57e-07 3.13e-09 1.80e-17 1.42e-30   -0.704  -0.706  -0.706   5.47
3.900 -17.50   0.612  1.000 3.88e-07 7.95e-09 1.45e-16 3.62e-29   -0.731  -0.734  -0.734   5.94
3.900 -17.00   0.631  1.000 9.37e-07 2.00e-08 1.16e-15 9.13e-28   -0.769  -0.773  -0.773   6.40
3.900 -16.50   0.640  1.000 2.36e-06 5.26e-08 9.60e-15 2.40e-26   -0.804  -0.809  -0.809   6.87
3.900 -16.00   0.646  1.000 6.49e-06 1.49e-07 8.60e-14 6.80e-25   -0.823  -0.830  -0.829   7.35
3.900 -15.50   0.656  1.000 1.90e-05 4.42e-07 8.07e-13 2.02e-23   -0.829  -0.838  -0.838   7.84
3.900 -15.00   0.684  1.000 5.54e-05 1.29e-06 7.46e-12 5.90e-22   -0.827  -0.841  -0.841   8.34
3.900 -14.50   0.761  1.000 1.46e-04 3.41e-06 6.23e-11 1.56e-20   -0.822  -0.843  -0.842   8.83
3.900 -14.00   0.936  1.000 3.07e-04 7.19e-06 4.14e-10 3.27e-19   -0.812  -0.843  -0.841   9.33
3.900 -13.50   1.236  1.000 4.85e-04 1.14e-05 2.07e-09 5.16e-18   -0.796  -0.844  -0.837   9.83
3.900 -13.00   1.615  0.999 6.37e-04 1.49e-05 8.56e-09 6.72e-17   -0.771  -0.845  -0.826  10.33
3.900 -12.50   2.004  0.999 8.04e-04 1.88e-05 3.38e-08 8.28e-16   -0.730  -0.850  -0.798  10.83
3.900 -12.00   2.368  0.999 1.03e-03 2.41e-05 1.32e-07 9.86e-15   -0.667  -0.865  -0.739  11.31
3.950 -21.00   0.704  1.000 7.85e-11 1.70e-12 1.03e-24 6.61e-42   -0.685  -0.686  -0.686   2.49
3.950 -20.50   0.658  1.000 2.75e-10 5.97e-12 1.15e-23 2.32e-40   -0.684  -0.686  -0.686   2.99
3.950 -20.00   0.613  1.000 9.62e-10 2.09e-11 1.27e-22 8.16e-39   -0.684  -0.687  -0.687   3.49
3.950 -19.50   0.599  1.000 3.13e-09 6.84e-11 1.31e-21 2.66e-37   -0.683  -0.687  -0.687   3.99
3.950 -19.00   0.625  1.000 9.30e-09 2.03e-10 1.24e-20 7.92e-36   -0.683  -0.687  -0.687   4.49
3.950 -18.50   0.690  1.000 2.53e-08 5.54e-10 1.07e-19 2.16e-34   -0.682  -0.687  -0.687   4.99
3.950 -18.00   0.766  1.000 6.70e-08 1.47e-09 8.92e-19 5.72e-33   -0.682  -0.687  -0.687   5.49
3.950 -17.50   0.826  1.000 1.84e-07 4.03e-09 7.74e-18 1.57e-31   -0.683  -0.688  -0.688   5.99
3.950 -17.00   0.880  1.000 5.04e-07 1.11e-08 6.75e-17 4.33e-30   -0.685  -0.691  -0.691   6.49
3.950 -16.50   0.944  1.000 1.32e-06 2.93e-08 5.63e-16 1.14e-28   -0.692  -0.698  -0.698   6.98
3.950 -16.00   0.999  1.000 3.30e-06 7.48e-08 4.55e-15 2.92e-27   -0.710  -0.717  -0.717   7.46
3.950 -15.50   1.031  1.000 8.01e-06 1.88e-07 3.62e-14 7.35e-26   -0.742  -0.751  -0.751   7.93
3.950 -15.00   1.046  1.000 1.94e-05 4.77e-07 2.90e-13 1.86e-24   -0.779  -0.791  -0.790   8.39
3.950 -14.50   1.057  1.000 5.02e-05 1.28e-06 2.47e-12 5.02e-23   -0.804  -0.820  -0.820   8.86
3.950 -14.00   1.078  1.000 1.39e-04 3.62e-06 2.20e-11 1.42e-21   -0.812  -0.835  -0.833   9.34
3.950 -13.50   1.131  1.000 3.76e-04 9.87e-06 1.90e-10 3.86e-20   -0.807  -0.840  -0.836   9.84
3.950 -13.00   1.265  0.999 8.63e-04 2.27e-05 1.38e-09 8.88e-19   -0.789  -0.842  -0.831  10.33
3.950 -12.50   1.524  0.998 1.49e-03 3.94e-05 7.57e-09 1.54e-17   -0.752  -0.843  -0.811  10.83
3.950 -12.00   1.892  0.998 2.01e-03 5.29e-05 3.20e-08 2.05e-16   -0.682  -0.845  -0.758  11.33
4.000 -21.00   1.140  1.000 1.75e-11 4.20e-13 3.41e-26 0.00e+00   -0.685  -0.686  -0.686   2.49
4.000 -20.50   1.140  1.000 5.52e-11 1.33e-12 3.42e-25 0.00e+00   -0.684  -0.686  -0.686   2.99
4.000 -20.00   1.139  1.000 1.75e-10 4.21e-12 3.42e-24 0.00e+00   -0.684  -0.686  -0.686   3.49
4.000 -19.50   1.135  1.000 5.55e-10 1.34e-11 3.45e-23 0.00e+00   -0.683  -0.686  -0.686   3.99
4.000 -19.00   1.124  1.000 1.79e-09 4.35e-11 3.54e-22 0.00e+00   -0.682  -0.686  -0.686   4.49
4.000 -18.50   1.101  1.000 5.93e-09 1.45e-10 3.73e-21 0.00e+00   -0.681  -0.686  -0.686   4.99
4.000 -18.00   1.077  1.000 1.98e-08 4.84e-10 3.94e-20 0.00e+00   -0.679  -0.687  -0.687   5.49
4.000 -17.50   1.071  1.000 6.31e-08 1.55e-09 3.99e-19 0.00e+00   -0.678  -0.687  -0.687   5.99
4.000 -17.00   1.094  1.000 1.89e-07 4.65e-09 3.79e-18 0.00e+00   -0.677  -0.687  -0.687   6.49
4.000 -16.50   1.140  1.000 5.35e-07 1.32e-08 3.40e-17 0.00e+00   -0.676  -0.687  -0.687   6.99
4.000 -16.00   1.194  1.000 1.49e-06 3.67e-08 2.99e-16 0.00e+00   -0.676  -0.688  -0.688   7.49
4.000 -15.50   1.246  1.000 4.12e-06 1.02e-07 2.63e-15 0.00e+00   -0.678  -0.690  -0.690   7.99
4.000 -15.00   1.307  1.000 1.09e-05 2.72e-07 2.22e-14 0.00e+00   -0.682  -0.696  -0.696   8.48
4.000 -14.50   1.363  1.000 2.76e-05 7.01e-07 1.81e-13 0.00e+00   -0.696  -0.712  -0.712   8.96
4.000 -14.00   1.399  1.000 6.73e-05 1.77e-06 1.44e-12 0.00e+00   -0.723  -0.744  -0.743   9.43
4.000 -13.50   1.421  1.000 1.61e-04 4.41e-06 1.14e-11 0.00e+00   -0.756  -0.784  -0.781   9.89
4.000 -13.00   1.447  1.000 3.96e-04 1.13e-05 9.23e-11 0.00e+00   -0.775  -0.816  -0.809  10.36
4.000 -12.50   1.506  0.999 9.89e-04 2.90e-05 7.47e-10 0.00e+00   -0.766  -0.833  -0.813  10.84
4.000 -12.00   1.646  0.998 2.17e-03 6.43e-05 5.24e-09 0.00e+00   -0.720  -0.840  -0.785  11.34
4.050 -21.00   1.499  1.000 4.57e-12 1.24e-13 1.67e-27 0.00e+00   -0.684  -0.686  -0.686   2.49
4.050 -20.50   1.496  1.000 1.46e-11 3.94e-13 1.68e-26 0.00e+00   -0.684  -0.686  -0.686   2.99
4.050 -20.00   1.495  1.000 4.61e-11 1.25e-12 1.69e-25 0.00e+00   -0.684  -0.686  -0.686   3.49
4.050 -19.50   1.495  1.000 1.46e-10 3.95e-12 1.69e-24 0.00e+00   -0.683  -0.686  -0.686   3.99
4.050 -19.00   1.495  1.000 4.61e-10 1.25e-11 1.69e-23 0.00e+00   -0.683  -0.686  -0.686   4.49
4.050 -18.50   1.495  1.000 1.46e-09 3.94e-11 1.69e-22 0.00e+00   -0.682  -0.686  -0.686   4.99
4.050 -18.00   1.494  1.000 4.60e-09 1.25e-10 1.69e-21 0.00e+00   -0.681  -0.686  -0.686   5.49
4.050 -17.50   1.494  1.000 1.45e-08 3.95e-10 1.69e-20 0.00e+00   -0.678  -0.686  -0.686   5.99
4.050 -17.00   1.490  1.000 4.60e-08 1.26e-09 1.70e-19 0.00e+00   -0.676  -0.686  -0.686   6.49
4.050 -16.50   1.482  1.000 1.47e-07 4.04e-09 1.73e-18 0.00e+00   -0.672  -0.686  -0.686   6.99
4.050 -16.00   1.478  1.000 4.68e-07 1.29e-08 1.75e-17 0.00e+00   -0.669  -0.687  -0.687   7.49
4.050 -15.50   1.488  1.000 1.44e-06 3.98e-08 1.71e-16 0.00e+00   -0.667  -0.687  -0.687   7.99
4.050 -15.00   1.517  1.000 4.26e-06 1.18e-07 1.60e-15 0.00e+00   -0.665  -0.687  -0.687   8.49
4.050 -14.50   1.557  1.000 1.22e-05 3.38e-07 1.45e-14 0.00e+00   -0.664  -0.688  -0.687   8.99
4.050 -14.00   1.603  1.000 3.41e-05 9.48e-07 1.29e-13 0.00e+00   -0.664  -0.690  -0.689   9.49
4.050 -13.50   1.659  1.000 9.09e-05 2.55e-06 1.10e-12 0.00e+00   -0.666  -0.698  -0.695   9.98
4.050 -13.00   1.710  1.000 2.30e-04 6.58e-06 8.94e-12 0.00e+00   -0.675  -0.716  -0.710  10.46
4.050 -12.50   1.749  0.999 5.49e-04 1.63e-05 7.00e-11 0.00e+00   -0.691  -0.750  -0.735  10.93
4.050 -12.00   1.793  0.999 1.24e-03 3.87e-05 5.26e-10 0.00e+00   -0.694  -0.790  -0.751  11.39
4.100 -21.00   2.193  1.000 5.57e-13 1.69e-14 4.64e-29 0.00e+00   -0.681  -0.685  -0.685   2.49
4.100 -20.50   2.072  1.000 2.32e-12 7.03e-14 6.13e-28 0.00e+00   -0.681  -0.686  -0.686   2.99
4.100 -20.00   1.931  1.000 1.01e-11 3.07e-13 8.47e-27 0.00e+00   -0.681  -0.686  -0.686   3.49
4.100 -19.50   1.850  1.000 3.86e-11 1.17e-12 1.02e-25 0.00e+00   -0.681  -0.686  -0.686   3.99
4.100 -19.00   1.822  1.000 1.30e-10 3.95e-12 1.09e-24 0.00e+00   -0.681  -0.686  -0.686   4.49
4.100 -18.50   1.814  1.000 4.19e-10 1.27e-11 1.11e-23 0.00e+00   -0.681  -0.686  -0.686   4.99
4.100 -18.00   1.811  1.000 1.33e-09 4.04e-11 1.12e-22 0.00e+00   -0.681  -0.686  -0.686   5.49
4.100 -17.50   1.811  1.000 4.21e-09 1.28e-10 1.12e-21 0.00e+00   -0.680  -0.686  -0.686   5.99
4.100 -17.00   1.811  1.000 1.33e-08 4.04e-10 1.12e-20 0.00e+00   -0.679  -0.686  -0.686   6.49
4.100 -16.50   1.811  1.000 4.20e-08 1.28e-09 1.12e-19 0.00e+00   -0.676  -0.686  -0.686   6.99
4.100 -16.00   1.813  1.000 1.32e-07 4.02e-09 1.11e-18 0.00e+00   -0.672  -0.686  -0.686   7.49
4.100 -15.50   1.816  1.000 4.11e-07 1.26e-08 1.10e-17 0.00e+00   -0.666  -0.686  -0.686   7.99
4.100 -15.00   1.821  1.000 1.28e-06 3.94e-08 1.09e-16 0.00e+00   -0.660  -0.686  -0.686   8.49
4.100 -14.50   1.827  1.000 3.96e-06 1.22e-07 1.07e-15 0.00e+00   -0.653  -0.687  -0.686   8.99
4.100 -14.00   1.840  1.000 1.21e-05 3.75e-07 1.04e-14 0.00e+00   -0.648  -0.687  -0.685   9.49
4.100 -13.50   1.864  1.000 3.61e-05 1.12e-06 9.82e-14 0.00e+00   -0.643  -0.687  -0.685   9.99
4.100 -13.00   1.898  1.000 1.05e-04 3.26e-06 9.02e-13 0.00e+00   -0.638  -0.689  -0.684  10.49
4.100 -12.50   1.942  1.000 2.91e-04 9.11e-06 7.99e-12 0.00e+00   -0.629  -0.693  -0.681  10.98
4.100 -12.00   1.997  0.999 7.60e-04 2.41e-05 6.69e-11 0.00e+00   -0.613  -0.704  -0.674  11.47
4.150 -21.00   2.440  1.000 2.31e-13 8.99e-15 5.28e-30 0.00e+00   -0.642  -0.646  -0.646   2.53
4.150 -20.50   2.439  1.000 6.56e-13 2.36e-14 4.77e-29 0.00e+00   -0.663  -0.669  -0.669   3.01
4.150 -20.00   2.435  1.000 1.98e-12 6.85e-14 4.58e-28 0.00e+00   -0.674  -0.679  -0.679   3.50
4.150 -19.50   2.422  1.000 6.31e-12 2.15e-13 4.64e-27 0.00e+00   -0.677  -0.684  -0.684   3.99
4.150 -19.00   2.384  1.000 2.16e-11 7.33e-13 5.03e-26 0.00e+00   -0.678  -0.685  -0.685   4.49
4.150 -18.50   2.302  1.000 8.18e-11 2.78e-12 6.06e-25 0.00e+00   -0.678  -0.686  -0.686   4.99
4.150 -18.00   2.196  1.000 3.29e-10 1.12e-11 7.73e-24 0.00e+00   -0.677  -0.686  -0.686   5.49
4.150 -17.50   2.127  1.000 1.22e-09 4.15e-11 9.06e-23 0.00e+00   -0.677  -0.686  -0.686   5.99
4.150 -17.00   2.100  1.000 4.09e-09 1.39e-10 9.62e-22 0.00e+00   -0.677  -0.686  -0.686   6.49
4.150 -16.50   2.092  1.000 1.32e-08 4.49e-10 9.80e-21 0.00e+00   -0.676  -0.686  -0.686   6.99
4.150 -16.00   2.090  1.000 4.18e-08 1.43e-09 9.86e-20 0.00e+00   -0.674  -0.686  -0.686   7.49
4.150 -15.50   2.089  1.000 1.32e-07 4.52e-09 9.87e-19 0.00e+00   -0.671  -0.686  -0.686   7.99
4.150 -15.00   2.090  1.000 4.17e-07 1.42e-08 9.84e-18 0.00e+00   -0.666  -0.686  -0.686   8.49
4.150 -14.50   2.093  1.000 1.31e-06 4.47e-08 9.77e-17 0.00e+00   -0.658  -0.686  -0.686   8.99
4.150 -14.00   2.101  1.000 4.04e-06 1.39e-07 9.60e-16 0.00e+00   -0.648  -0.686  -0.685   9.49
4.150 -13.50   2.113  1.000 1.23e-05 4.26e-07 9.33e-15 0.00e+00   -0.635  -0.686  -0.683   9.99
4.150 -13.00   2.129  1.000 3.74e-05 1.30e-06 8.98e-14 0.00e+00   -0.621  -0.687  -0.681  10.49
4.150 -12.50   2.148  1.000 1.12e-04 3.91e-06 8.57e-13 0.00e+00   -0.608  -0.687  -0.677  10.99
4.150 -12.00   2.175  1.000 3.32e-04 1.16e-05 8.02e-12 0.00e+00   -0.588  -0.688  -0.666  11.49
4.200 -21.00   2.543  1.000 1.56e-13 8.28e-15 1.25e-30 0.00e+00   -0.568  -0.573  -0.573   2.60
4.200 -20.50   2.554  1.000 4.74e-13 2.50e-14 1.20e-29 0.00e+00   -0.571  -0.576  -0.576   3.10
4.200 -20.00   2.557  1.000 1.42e-12 7.33e-14 1.14e-28 0.00e+00   -0.580  -0.585  -0.585   3.59
4.200 -19.50   2.559  1.000 4.05e-12 1.99e-13 1.03e-27 0.00e+00   -0.599  -0.606  -0.606   4.07
4.200 -19.00   2.560  1.000 1.11e-11 5.00e-13 9.00e-27 0.00e+00   -0.628  -0.635  -0.635   4.54
4.200 -18.50   2.560  1.000 3.07e-11 1.27e-12 7.98e-26 0.00e+00   -0.653  -0.662  -0.662   5.02
4.200 -18.00   2.556  1.000 9.08e-11 3.57e-12 7.51e-25 0.00e+00   -0.666  -0.676  -0.676   5.50
4.200 -17.50   2.544  1.000 2.86e-10 1.10e-11 7.51e-24 0.00e+00   -0.670  -0.683  -0.683   5.99
4.200 -17.00   2.512  1.000 9.59e-10 3.67e-11 8.01e-23 0.00e+00   -0.671  -0.685  -0.685   6.49
4.200 -16.50   2.450  1.000 3.47e-09 1.33e-10 9.21e-22 0.00e+00   -0.671  -0.685  -0.685   6.99
4.200 -16.00   2.384  1.000 1.27e-08 4.87e-10 1.07e-20 0.00e+00   -0.670  -0.686  -0.686   7.49
4.200 -15.50   2.348  1.000 4.37e-08 1.67e-09 1.16e-19 0.00e+00   -0.669  -0.686  -0.686   7.99
4.200 -15.00   2.335  1.000 1.42e-07 5.44e-09 1.20e-18 0.00e+00   -0.667  -0.686  -0.686   8.49
4.200 -14.50   2.332  1.000 4.53e-07 1.73e-08 1.21e-17 0.00e+00   -0.663  -0.686  -0.686   8.99
4.200 -14.00   2.331  1.000 1.43e-06 5.49e-08 1.21e-16 0.00e+00   -0.656  -0.686  -0.685   9.49
4.200 -13.50   2.333  1.000 4.51e-06 1.73e-07 1.20e-15 0.00e+00   -0.645  -0.686  -0.684   9.99
4.200 -13.00   2.338  1.000 1.40e-05 5.39e-07 1.19e-14 0.00e+00   -0.629  -0.686  -0.680  10.49
4.200 -12.50   2.350  1.000 4.29e-05 1.66e-06 1.15e-13 0.00e+00   -0.606  -0.686  -0.675  10.99
4.200 -12.00   2.370  1.000 1.29e-04 4.99e-06 1.10e-12 0.00e+00   -0.577  -0.687  -0.666  11.49
4.250 -21.00   1.941  1.000 3.74e-13 2.25e-14 1.47e-30 0.00e+00   -0.566  -0.571  -0.571   2.61
4.250 -20.50   2.207  1.000 6.42e-13 3.86e-14 7.95e-30 0.00e+00   -0.565  -0.571  -0.571   3.11
4.250 -20.00   2.437  1.000 1.19e-12 7.18e-14 4.68e-29 0.00e+00   -0.565  -0.571  -0.571   3.61
4.250 -19.50   2.568  1.000 2.79e-12 1.67e-13 3.45e-28 0.00e+00   -0.565  -0.571  -0.571   4.11
4.250 -19.00   2.622  1.000 7.75e-12 4.63e-13 3.03e-27 0.00e+00   -0.566  -0.573  -0.573   4.60
4.250 -18.50   2.641  1.000 2.30e-11 1.36e-12 2.85e-26 0.00e+00   -0.569  -0.577  -0.577   5.10
4.250 -18.00   2.648  1.000 6.83e-11 3.95e-12 2.68e-25 0.00e+00   -0.577  -0.587  -0.587   5.59
4.250 -17.50   2.651  1.000 1.93e-10 1.06e-11 2.41e-24 0.00e+00   -0.597  -0.608  -0.608   6.07
4.250 -17.00   2.653  1.000 5.26e-10 2.65e-11 2.09e-23 0.00e+00   -0.624  -0.638  -0.638   6.54
4.250 -16.50   2.653  1.000 1.47e-09 6.79e-11 1.86e-22 0.00e+00   -0.647  -0.663  -0.663   7.01
4.250 -16.00   2.649  1.000 4.36e-09 1.92e-10 1.76e-21 0.00e+00   -0.657  -0.677  -0.677   7.50
4.250 -15.50   2.635  1.000 1.38e-08 5.95e-10 1.77e-20 0.00e+00   -0.660  -0.683  -0.683   7.99
4.250 -15.00   2.606  1.000 4.60e-08 1.98e-09 1.87e-19 0.00e+00   -0.659  -0.685  -0.685   8.49
4.250 -14.50   2.569  1.000 1.58e-07 6.76e-09 2.04e-18 0.00e+00   -0.657  -0.686  -0.685   8.99
4.250 -14.00   2.546  1.000 5.24e-07 2.25e-08 2.15e-17 0.00e+00   -0.654  -0.686  -0.685   9.49
4.250 -13.50   2.537  1.000 1.69e-06 7.25e-08 2.19e-16 0.00e+00   -0.648  -0.686  -0.684   9.99
4.250 -13.00   2.535  1.000 5.36e-06 2.30e-07 2.20e-15 0.00e+00   -0.638  -0.686  -0.682  10.49
4.250 -12.50   2.536  1.000 1.69e-05 7.27e-07 2.19e-14 0.00e+00   -0.620  -0.686  -0.675  10.99
4.250 -12.00   2.540  1.000 5.29e-05 2.27e-06 2.17e-13 0.00e+00   -0.592  -0.686  -0.665  11.49
4.300 -21.00   2.008  1.000 1.91e-13 1.30e-14 5.11e-31 0.00e+00   -0.563  -0.571  -0.571   2.61
4.300 -20.50   1.969  1.000 6.60e-13 4.49e-14 5.58e-30 0.00e+00   -0.563  -0.571  -0.571   3.11
4.300 -20.00   1.948  1.000 2.19e-12 1.49e-13 5.85e-29 0.00e+00   -0.563  -0.571  -0.571   3.61
4.300 -19.50   1.981  1.000 6.42e-12 4.36e-13 5.42e-28 0.00e+00   -0.563  -0.571  -0.571   4.11
4.300 -19.00   2.099  1.000 1.55e-11 1.05e-12 4.14e-27 0.00e+00   -0.562  -0.571  -0.571   4.61
4.300 -18.50   2.301  1.000 3.07e-11 2.08e-12 2.60e-26 0.00e+00   -0.562  -0.571  -0.571   5.11
4.300 -18.00   2.507  1.000 6.06e-11 4.09e-12 1.61e-25 0.00e+00   -0.561  -0.571  -0.571   5.61
4.300 -17.50   2.635  1.000 1.42e-10 9.57e-12 1.20e-24 0.00e+00   -0.561  -0.572  -0.572   6.11
4.300 -17.00   2.691  1.000 3.91e-10 2.62e-11 1.04e-23 0.00e+00   -0.562  -0.574  -0.574   6.60
4.300 -16.50   2.712  1.000 1.14e-09 7.56e-11 9.64e-23 0.00e+00   -0.566  -0.580  -0.580   7.10
4.300 -16.00   2.720  1.000 3.30e-09 2.10e-10 8.83e-22 0.00e+00   -0.578  -0.596  -0.596   7.58
4.300 -15.50   2.723  1.000 9.09e-09 5.39e-10 7.74e-21 0.00e+00   -0.600  -0.622  -0.622   8.05
4.300 -15.00   2.726  1.000 2.48e-08 1.34e-09 6.72e-20 0.00e+00   -0.624  -0.652  -0.652   8.53
4.300 -14.50   2.725  1.000 7.11e-08 3.58e-09 6.14e-19 0.00e+00   -0.638  -0.672  -0.672   9.01
4.300 -14.00   2.721  1.000 2.16e-07 1.05e-08 5.94e-18 0.00e+00   -0.641  -0.681  -0.680   9.50
4.300 -13.50   2.712  1.000 6.84e-07 3.30e-08 5.97e-17 0.00e+00   -0.638  -0.684  -0.683   9.99
4.300 -13.00   2.703  1.000 2.19e-06 1.05e-07 6.07e-16 0.00e+00   -0.632  -0.685  -0.682  10.49
4.300 -12.50   2.700  1.000 6.96e-06 3.35e-07 6.10e-15 0.00e+00   -0.621  -0.686  -0.678  10.99
4.300 -12.00   2.700  1.000 2.19e-05 1.06e-06 6.10e-14 0.00e+00   -0.601  -0.686  -0.667  11.49
