# AthenaK opacity table, log10 kappa_P [cm^2/g] on (log10 T[K], log10 rho[g/cm3])
# source: orion 10-09 LTE calculation (scripts/run_T.py): Kurucz atomic lines (CD-ROM 1 for the Fe group, gfall08oct17 otherwise), Verner+96 / hydrogenic bf, ff, H-, CO/CN/OH/SiO/H2O/TiO (DACE+FastChem)
# GS98 metals, X=0.360 Y=0.620 Z=0.020; ABSORPTION ONLY (no scattering)
# VALID BOX = the whole table: log T 3.45..4.30, log rho -21..-12
# grid: nT nD lTmin dlT lDmin dlD
# 35 181 3.450 0.025 -21.00 0.05
# then nT*nD rows, T slowest: log10 kappa [cm^2/g]
-0.43854
-0.42855
-0.41891
-0.40964
-0.40076
-0.39229
-0.38422
-0.37656
-0.36931
-0.36248
-0.35606
-0.35003
-0.34440
-0.33914
-0.33425
-0.32970
-0.32548
-0.32158
-0.31797
-0.31464
-0.31156
-0.30873
-0.30612
-0.30372
-0.30152
-0.29948
-0.29762
-0.29590
-0.29432
-0.29287
-0.29153
-0.29030
-0.28917
-0.28812
-0.28716
-0.28628
-0.28546
-0.28471
-0.28402
-0.28338
-0.28279
-0.28224
-0.28174
-0.28128
-0.28085
-0.28046
-0.28010
-0.27977
-0.27946
-0.27918
-0.27892
-0.27868
-0.27845
-0.27825
-0.27807
-0.27789
-0.27774
-0.27759
-0.27746
-0.27734
-0.27722
-0.27712
-0.27702
-0.27693
-0.27684
-0.27676
-0.27669
-0.27661
-0.27654
-0.27648
-0.27641
-0.27634
-0.27628
-0.27621
-0.27614
-0.27607
-0.27599
-0.27592
-0.27583
-0.27574
-0.27564
-0.27553
-0.27542
-0.27529
-0.27515
-0.27499
-0.27482
-0.27464
-0.27443
-0.27419
-0.27394
-0.27366
-0.27334
-0.27300
-0.27262
-0.27219
-0.27173
-0.27122
-0.27066
-0.27005
-0.26938
-0.26865
-0.26785
-0.26699
-0.26606
-0.26505
-0.26397
-0.26282
-0.26158
-0.26027
-0.25888
-0.25742
-0.25588
-0.25426
-0.25258
-0.25083
-0.24902
-0.24715
-0.24522
-0.24325
-0.24123
-0.23918
-0.23708
-0.23496
-0.23280
-0.23062
-0.22841
-0.22618
-0.22392
-0.22164
-0.21933
-0.21698
-0.21460
-0.21217
-0.20970
-0.20717
-0.20458
-0.20191
-0.19916
-0.19632
-0.19338
-0.19032
-0.18713
-0.18381
-0.18034
-0.17671
-0.17291
-0.16893
-0.16475
-0.16039
-0.15581
-0.15103
-0.14604
-0.14083
-0.13542
-0.12979
-0.12395
-0.11792
-0.11170
-0.10530
-0.09872
-0.09199
-0.08512
-0.07812
-0.07099
-0.06377
-0.05644
-0.04903
-0.04154
-0.03397
-0.02632
-0.01860
-0.01080
-0.00290
0.00509
0.01321
0.02146
0.02987
0.03848
0.04730
0.05638
-0.40983
-0.40067
-0.39135
-0.38187
-0.37226
-0.36252
-0.35267
-0.34272
-0.33270
-0.32261
-0.31248
-0.30233
-0.29217
-0.28202
-0.27191
-0.26186
-0.25188
-0.24201
-0.23226
-0.22265
-0.21321
-0.20395
-0.19490
-0.18608
-0.17749
-0.16917
-0.16111
-0.15335
-0.14588
-0.13872
-0.13188
-0.12535
-0.11915
-0.11326
-0.10770
-0.10246
-0.09752
-0.09289
-0.08855
-0.08449
-0.08071
-0.07719
-0.07391
-0.07087
-0.06805
-0.06543
-0.06301
-0.06078
-0.05871
-0.05679
-0.05503
-0.05340
-0.05189
-0.05050
-0.04922
-0.04803
-0.04694
-0.04592
-0.04499
-0.04413
-0.04333
-0.04260
-0.04192
-0.04129
-0.04071
-0.04017
-0.03968
-0.03922
-0.03880
-0.03841
-0.03805
-0.03772
-0.03741
-0.03713
-0.03687
-0.03664
-0.03642
-0.03622
-0.03603
-0.03586
-0.03571
-0.03556
-0.03543
-0.03531
-0.03520
-0.03510
-0.03500
-0.03492
-0.03484
-0.03476
-0.03469
-0.03462
-0.03456
-0.03450
-0.03444
-0.03438
-0.03433
-0.03427
-0.03421
-0.03416
-0.03410
-0.03404
-0.03397
-0.03391
-0.03383
-0.03376
-0.03367
-0.03358
-0.03348
-0.03337
-0.03325
-0.03312
-0.03297
-0.03281
-0.03263
-0.03244
-0.03222
-0.03198
-0.03172
-0.03142
-0.03110
-0.03075
-0.03037
-0.02994
-0.02948
-0.02898
-0.02843
-0.02784
-0.02719
-0.02650
-0.02575
-0.02495
-0.02408
-0.02316
-0.02218
-0.02114
-0.02004
-0.01887
-0.01764
-0.01634
-0.01497
-0.01354
-0.01203
-0.01046
-0.00881
-0.00708
-0.00527
-0.00338
-0.00140
0.00068
0.00285
0.00514
0.00753
0.01005
0.01270
0.01548
0.01841
0.02150
0.02475
0.02817
0.03178
0.03558
0.03958
0.04378
0.04820
0.05284
0.05770
0.06278
0.06809
0.07363
0.07938
0.08535
0.09153
0.09790
0.10446
0.11119
0.11808
0.12510
0.13225
0.13950
0.14684
-0.25158
-0.24771
-0.24367
-0.23947
-0.23509
-0.23054
-0.22581
-0.22091
-0.21583
-0.21056
-0.20511
-0.19948
-0.19366
-0.18766
-0.18147
-0.17511
-0.16857
-0.16185
-0.15496
-0.14791
-0.14070
-0.13333
-0.12582
-0.11817
-0.11040
-0.10250
-0.09449
-0.08639
-0.07820
-0.06994
-0.06162
-0.05326
-0.04486
-0.03645
-0.02804
-0.01965
-0.01128
-0.00297
0.00528
0.01345
0.02152
0.02947
0.03730
0.04499
0.05252
0.05987
0.06704
0.07401
0.08078
0.08732
0.09364
0.09973
0.10557
0.11118
0.11653
0.12163
0.12649
0.13110
0.13546
0.13958
0.14347
0.14713
0.15056
0.15378
0.15679
0.15961
0.16224
0.16469
0.16697
0.16910
0.17107
0.17290
0.17460
0.17618
0.17765
0.17901
0.18027
0.18144
0.18252
0.18352
0.18445
0.18531
0.18611
0.18685
0.18753
0.18817
0.18875
0.18929
0.18980
0.19026
0.19069
0.19109
0.19146
0.19179
0.19211
0.19240
0.19266
0.19291
0.19313
0.19334
0.19353
0.19371
0.19387
0.19401
0.19415
0.19428
0.19439
0.19450
0.19459
0.19469
0.19477
0.19485
0.19492
0.19499
0.19505
0.19511
0.19517
0.19522
0.19528
0.19533
0.19538
0.19544
0.19549
0.19554
0.19560
0.19566
0.19573
0.19579
0.19587
0.19594
0.19603
0.19612
0.19623
0.19634
0.19646
0.19660
0.19675
0.19692
0.19710
0.19731
0.19753
0.19778
0.19806
0.19836
0.19870
0.19907
0.19947
0.19992
0.20040
0.20094
0.20152
0.20216
0.20286
0.20361
0.20443
0.20532
0.20629
0.20733
0.20846
0.20967
0.21098
0.21239
0.21390
0.21553
0.21728
0.21916
0.22117
0.22332
0.22562
0.22808
0.23072
0.23352
0.23652
0.23970
0.24309
0.24670
0.25051
0.25456
0.25884
0.26335
0.26810
-0.00770
-0.00645
-0.00513
-0.00376
-0.00231
-0.00079
0.00081
0.00249
0.00425
0.00610
0.00804
0.01007
0.01220
0.01444
0.01677
0.01922
0.02178
0.02446
0.02726
0.03019
0.03324
0.03642
0.03974
0.04319
0.04679
0.05053
0.05441
0.05845
0.06263
0.06696
0.07145
0.07608
0.08087
0.08581
0.09091
0.09615
0.10154
0.10708
0.11275
0.11857
0.12451
0.13059
0.13678
0.14309
0.14951
0.15603
0.16263
0.16932
0.17608
0.18291
0.18978
0.19669
0.20363
0.21058
0.21754
0.22449
0.23142
0.23831
0.24516
0.25194
0.25865
0.26528
0.27182
0.27824
0.28454
0.29072
0.29676
0.30265
0.30838
0.31394
0.31934
0.32456
0.32959
0.33444
0.33910
0.34356
0.34784
0.35192
0.35581
0.35951
0.36302
0.36634
0.36948
0.37245
0.37525
0.37788
0.38036
0.38268
0.38486
0.38689
0.38880
0.39058
0.39225
0.39380
0.39525
0.39659
0.39785
0.39902
0.40011
0.40112
0.40207
0.40294
0.40376
0.40452
0.40522
0.40587
0.40648
0.40705
0.40757
0.40805
0.40850
0.40892
0.40931
0.40967
0.41000
0.41031
0.41059
0.41085
0.41109
0.41132
0.41152
0.41171
0.41189
0.41205
0.41220
0.41233
0.41246
0.41258
0.41268
0.41278
0.41288
0.41296
0.41304
0.41312
0.41319
0.41326
0.41332
0.41338
0.41345
0.41350
0.41356
0.41362
0.41368
0.41375
0.41381
0.41388
0.41395
0.41402
0.41411
0.41420
0.41429
0.41440
0.41451
0.41464
0.41478
0.41494
0.41511
0.41530
0.41551
0.41575
0.41601
0.41630
0.41662
0.41698
0.41737
0.41781
0.41830
0.41884
0.41943
0.42008
0.42081
0.42160
0.42248
0.42344
0.42449
0.42565
0.42692
0.42830
0.42981
0.43145
0.43323
0.25223
0.25271
0.25321
0.25373
0.25426
0.25481
0.25537
0.25596
0.25658
0.25721
0.25788
0.25857
0.25930
0.26005
0.26084
0.26167
0.26254
0.26345
0.26441
0.26541
0.26646
0.26756
0.26871
0.26993
0.27120
0.27253
0.27393
0.27540
0.27694
0.27856
0.28025
0.28202
0.28388
0.28582
0.28786
0.28999
0.29221
0.29454
0.29697
0.29950
0.30214
0.30490
0.30777
0.31075
0.31385
0.31708
0.32042
0.32390
0.32749
0.33121
0.33506
0.33903
0.34313
0.34736
0.35171
0.35618
0.36077
0.36547
0.37029
0.37522
0.38026
0.38539
0.39062
0.39594
0.40133
0.40681
0.41234
0.41794
0.42359
0.42928
0.43499
0.44074
0.44649
0.45224
0.45799
0.46372
0.46942
0.47509
0.48070
0.48626
0.49175
0.49716
0.50249
0.50773
0.51286
0.51788
0.52279
0.52757
0.53222
0.53675
0.54113
0.54537
0.54946
0.55341
0.55721
0.56086
0.56435
0.56770
0.57089
0.57394
0.57684
0.57960
0.58222
0.58469
0.58704
0.58926
0.59135
0.59332
0.59518
0.59692
0.59856
0.60010
0.60155
0.60290
0.60417
0.60535
0.60646
0.60750
0.60847
0.60938
0.61023
0.61102
0.61175
0.61244
0.61308
0.61368
0.61424
0.61476
0.61524
0.61569
0.61611
0.61650
0.61686
0.61720
0.61751
0.61780
0.61807
0.61832
0.61855
0.61876
0.61896
0.61914
0.61931
0.61947
0.61961
0.61975
0.61988
0.61999
0.62010
0.62021
0.62030
0.62039
0.62048
0.62056
0.62064
0.62072
0.62080
0.62087
0.62095
0.62102
0.62110
0.62118
0.62126
0.62135
0.62144
0.62155
0.62165
0.62177
0.62190
0.62204
0.62220
0.62237
0.62256
0.62277
0.62300
0.62326
0.62355
0.62386
0.62422
0.62461
0.62505
0.49536
0.49630
0.49718
0.49800
0.49877
0.49950
0.50018
0.50083
0.50144
0.50204
0.50261
0.50316
0.50369
0.50422
0.50473
0.50524
0.50574
0.50624
0.50674
0.50724
0.50775
0.50826
0.50878
0.50930
0.50984
0.51040
0.51097
0.51155
0.51216
0.51278
0.51343
0.51411
0.51481
0.51554
0.51629
0.51709
0.51791
0.51878
0.51968
0.52062
0.52161
0.52265
0.52373
0.52486
0.52605
0.52729
0.52860
0.52996
0.53139
0.53288
0.53444
0.53608
0.53779
0.53958
0.54145
0.54340
0.54543
0.54756
0.54977
0.55208
0.55448
0.55697
0.55957
0.56227
0.56506
0.56796
0.57097
0.57407
0.57728
0.58060
0.58402
0.58754
0.59117
0.59490
0.59872
0.60264
0.60665
0.61076
0.61494
0.61921
0.62356
0.62798
0.63246
0.63700
0.64160
0.64624
0.65092
0.65564
0.66038
0.66513
0.66989
0.67465
0.67941
0.68415
0.68886
0.69354
0.69818
0.70277
0.70730
0.71178
0.71618
0.72050
0.72475
0.72890
0.73296
0.73692
0.74078
0.74453
0.74817
0.75170
0.75511
0.75840
0.76158
0.76464
0.76757
0.77039
0.77309
0.77567
0.77814
0.78049
0.78273
0.78486
0.78689
0.78881
0.79063
0.79235
0.79398
0.79552
0.79697
0.79834
0.79963
0.80084
0.80199
0.80306
0.80407
0.80502
0.80591
0.80674
0.80753
0.80826
0.80895
0.80959
0.81019
0.81076
0.81128
0.81178
0.81224
0.81267
0.81307
0.81345
0.81380
0.81412
0.81443
0.81471
0.81498
0.81523
0.81546
0.81567
0.81587
0.81606
0.81624
0.81640
0.81655
0.81670
0.81683
0.81696
0.81708
0.81719
0.81730
0.81741
0.81751
0.81761
0.81771
0.81781
0.81790
0.81800
0.81811
0.81821
0.81832
0.81844
0.81857
0.65151
0.65969
0.66717
0.67401
0.68024
0.68591
0.69107
0.69576
0.70002
0.70388
0.70738
0.71056
0.71344
0.71606
0.71844
0.72060
0.72258
0.72438
0.72602
0.72753
0.72891
0.73019
0.73137
0.73246
0.73347
0.73442
0.73531
0.73614
0.73693
0.73768
0.73839
0.73907
0.73973
0.74036
0.74097
0.74157
0.74216
0.74274
0.74331
0.74388
0.74444
0.74501
0.74558
0.74616
0.74674
0.74733
0.74794
0.74856
0.74919
0.74985
0.75052
0.75122
0.75193
0.75268
0.75345
0.75425
0.75509
0.75596
0.75686
0.75781
0.75879
0.75982
0.76089
0.76201
0.76318
0.76440
0.76568
0.76701
0.76840
0.76985
0.77137
0.77296
0.77461
0.77633
0.77812
0.77999
0.78194
0.78396
0.78606
0.78825
0.79051
0.79286
0.79530
0.79782
0.80043
0.80312
0.80590
0.80877
0.81172
0.81475
0.81786
0.82106
0.82434
0.82769
0.83111
0.83460
0.83816
0.84178
0.84546
0.84919
0.85297
0.85679
0.86065
0.86453
0.86844
0.87237
0.87631
0.88025
0.88420
0.88813
0.89205
0.89594
0.89981
0.90364
0.90743
0.91117
0.91486
0.91849
0.92206
0.92555
0.92898
0.93233
0.93559
0.93878
0.94187
0.94488
0.94780
0.95062
0.95335
0.95598
0.95852
0.96096
0.96331
0.96556
0.96772
0.96979
0.97177
0.97365
0.97545
0.97716
0.97879
0.98034
0.98181
0.98321
0.98453
0.98578
0.98697
0.98809
0.98915
0.99015
0.99109
0.99198
0.99282
0.99361
0.99435
0.99505
0.99571
0.99633
0.99692
0.99746
0.99798
0.99846
0.99891
0.99934
0.99974
1.00011
1.00047
1.00080
1.00111
1.00140
1.00167
1.00192
1.00217
1.00239
1.00260
1.00280
1.00299
1.00317
1.00334
1.00350
1.00365
0.47960
0.50465
0.52934
0.55361
0.57739
0.60064
0.62327
0.64522
0.66645
0.68688
0.70648
0.72519
0.74300
0.75986
0.77578
0.79075
0.80477
0.81786
0.83003
0.84132
0.85176
0.86139
0.87024
0.87837
0.88581
0.89261
0.89882
0.90448
0.90964
0.91433
0.91860
0.92248
0.92601
0.92922
0.93215
0.93481
0.93724
0.93946
0.94149
0.94335
0.94506
0.94663
0.94809
0.94943
0.95068
0.95185
0.95294
0.95396
0.95492
0.95583
0.95670
0.95752
0.95831
0.95907
0.95981
0.96052
0.96121
0.96189
0.96256
0.96322
0.96388
0.96453
0.96518
0.96583
0.96649
0.96716
0.96783
0.96852
0.96922
0.96993
0.97067
0.97142
0.97220
0.97300
0.97382
0.97468
0.97556
0.97648
0.97743
0.97842
0.97945
0.98052
0.98163
0.98279
0.98399
0.98525
0.98655
0.98791
0.98933
0.99080
0.99233
0.99392
0.99557
0.99729
0.99907
1.00092
1.00284
1.00482
1.00688
1.00900
1.01120
1.01346
1.01580
1.01821
1.02068
1.02323
1.02584
1.02851
1.03125
1.03406
1.03692
1.03983
1.04280
1.04582
1.04889
1.05199
1.05514
1.05831
1.06152
1.06475
1.06799
1.07125
1.07452
1.07778
1.08105
1.08430
1.08754
1.09076
1.09395
1.09711
1.10024
1.10333
1.10637
1.10936
1.11230
1.11518
1.11801
1.12076
1.12345
1.12608
1.12863
1.13111
1.13351
1.13584
1.13809
1.14027
1.14237
1.14439
1.14634
1.14820
1.15000
1.15172
1.15336
1.15494
1.15644
1.15788
1.15924
1.16055
1.16179
1.16297
1.16409
1.16516
1.16617
1.16712
1.16803
1.16889
1.16970
1.17047
1.17120
1.17189
1.17254
1.17315
1.17373
1.17428
1.17479
1.17528
1.17574
1.17617
1.17658
1.17697
1.17733
0.06331
0.09969
0.13525
0.16999
0.20391
0.23703
0.26938
0.30098
0.33188
0.36211
0.39172
0.42078
0.44932
0.47740
0.50506
0.53233
0.55926
0.58586
0.61215
0.63812
0.66377
0.68907
0.71399
0.73849
0.76252
0.78604
0.80898
0.83128
0.85289
0.87375
0.89382
0.91305
0.93139
0.94883
0.96535
0.98093
0.99557
1.00928
1.02208
1.03398
1.04502
1.05523
1.06466
1.07333
1.08129
1.08860
1.09528
1.10140
1.10698
1.11208
1.11673
1.12098
1.12485
1.12839
1.13162
1.13458
1.13728
1.13977
1.14205
1.14416
1.14610
1.14789
1.14956
1.15111
1.15256
1.15391
1.15518
1.15638
1.15751
1.15859
1.15961
1.16059
1.16153
1.16243
1.16330
1.16415
1.16498
1.16579
1.16658
1.16736
1.16813
1.16890
1.16967
1.17043
1.17120
1.17197
1.17275
1.17354
1.17434
1.17516
1.17599
1.17684
1.17772
1.17861
1.17953
1.18048
1.18146
1.18247
1.18351
1.18458
1.18570
1.18685
1.18805
1.18928
1.19056
1.19189
1.19327
1.19469
1.19617
1.19769
1.19927
1.20091
1.20260
1.20434
1.20614
1.20800
1.20991
1.21188
1.21391
1.21599
1.21813
1.22032
1.22257
1.22486
1.22721
1.22960
1.23203
1.23451
1.23703
1.23958
1.24217
1.24478
1.24742
1.25009
1.25276
1.25546
1.25816
1.26086
1.26357
1.26627
1.26896
1.27163
1.27429
1.27693
1.27954
1.28212
1.28466
1.28717
1.28964
1.29206
1.29443
1.29676
1.29903
1.30124
1.30340
1.30550
1.30755
1.30953
1.31145
1.31331
1.31510
1.31684
1.31851
1.32012
1.32166
1.32315
1.32458
1.32594
1.32725
1.32851
1.32971
1.33085
1.33194
1.33298
1.33398
1.33492
1.33582
1.33668
1.33749
1.33826
1.33899
-0.60355
-0.55931
-0.51497
-0.47058
-0.42619
-0.38183
-0.33756
-0.29341
-0.24944
-0.20570
-0.16224
-0.11910
-0.07633
-0.03400
0.00786
0.04919
0.08994
0.13007
0.16953
0.20829
0.24631
0.28357
0.32005
0.35573
0.39061
0.42468
0.45798
0.49050
0.52228
0.55336
0.58377
0.61355
0.64275
0.67140
0.69956
0.72725
0.75451
0.78136
0.80780
0.83385
0.85950
0.88473
0.90952
0.93383
0.95761
0.98083
1.00344
1.02537
1.04659
1.06703
1.08667
1.10546
1.12336
1.14037
1.15646
1.17162
1.18586
1.19920
1.21164
1.22322
1.23396
1.24391
1.25309
1.26155
1.26934
1.27650
1.28307
1.28909
1.29462
1.29969
1.30433
1.30860
1.31251
1.31611
1.31942
1.32248
1.32530
1.32792
1.33034
1.33259
1.33469
1.33666
1.33849
1.34022
1.34185
1.34339
1.34485
1.34623
1.34755
1.34882
1.35003
1.35119
1.35231
1.35340
1.35445
1.35548
1.35648
1.35746
1.35842
1.35937
1.36031
1.36124
1.36217
1.36309
1.36402
1.36494
1.36588
1.36682
1.36776
1.36873
1.36970
1.37070
1.37171
1.37274
1.37380
1.37488
1.37598
1.37712
1.37829
1.37949
1.38072
1.38199
1.38329
1.38463
1.38601
1.38744
1.38890
1.39040
1.39195
1.39354
1.39517
1.39685
1.39857
1.40033
1.40214
1.40399
1.40587
1.40780
1.40976
1.41177
1.41380
1.41587
1.41797
1.42009
1.42224
1.42442
1.42661
1.42881
1.43103
1.43326
1.43550
1.43773
1.43997
1.44219
1.44441
1.44662
1.44881
1.45099
1.45314
1.45526
1.45736
1.45942
1.46145
1.46344
1.46539
1.46731
1.46917
1.47100
1.47278
1.47451
1.47619
1.47782
1.47940
1.48094
1.48242
1.48385
1.48523
1.48656
1.48784
1.48908
1.49026
-1.11489
-1.08939
-1.06239
-1.03389
-1.00394
-0.97260
-0.93991
-0.90596
-0.87081
-0.83455
-0.79726
-0.75904
-0.71997
-0.68013
-0.63960
-0.59847
-0.55681
-0.51468
-0.47216
-0.42930
-0.38616
-0.34280
-0.29927
-0.25562
-0.21190
-0.16816
-0.12446
-0.08084
-0.03736
0.00594
0.04900
0.09177
0.13420
0.17623
0.21782
0.25890
0.29943
0.33937
0.37867
0.41729
0.45520
0.49237
0.52877
0.56440
0.59924
0.63331
0.66659
0.69912
0.73091
0.76200
0.79242
0.82219
0.85137
0.87997
0.90804
0.93561
0.96268
0.98928
1.01542
1.04107
1.06625
1.09091
1.11503
1.13858
1.16152
1.18380
1.20537
1.22620
1.24624
1.26546
1.28382
1.30130
1.31789
1.33357
1.34835
1.36223
1.37523
1.38737
1.39868
1.40919
1.41894
1.42797
1.43632
1.44403
1.45115
1.45773
1.46380
1.46941
1.47459
1.47938
1.48382
1.48794
1.49177
1.49533
1.49865
1.50176
1.50468
1.50741
1.50999
1.51242
1.51472
1.51690
1.51896
1.52093
1.52281
1.52461
1.52633
1.52798
1.52956
1.53109
1.53257
1.53400
1.53538
1.53673
1.53804
1.53932
1.54057
1.54179
1.54300
1.54418
1.54535
1.54651
1.54766
1.54880
1.54993
1.55107
1.55220
1.55334
1.55448
1.55564
1.55680
1.55797
1.55916
1.56036
1.56158
1.56282
1.56408
1.56536
1.56667
1.56800
1.56936
1.57074
1.57215
1.57359
1.57506
1.57655
1.57808
1.57963
1.58121
1.58282
1.58446
1.58612
1.58781
1.58952
1.59126
1.59302
1.59479
1.59658
1.59839
1.60021
1.60204
1.60387
1.60572
1.60756
1.60940
1.61124
1.61308
1.61491
1.61672
1.61852
1.62031
1.62207
1.62381
1.62553
1.62722
1.62889
1.63052
1.63213
1.63369
1.63523
1.63672
-1.06706
-1.06307
-1.05864
-1.05372
-1.04825
-1.04219
-1.03548
-1.02806
-1.01987
-1.01084
-1.00091
-0.99001
-0.97808
-0.96503
-0.95081
-0.93536
-0.91861
-0.90051
-0.88102
-0.86010
-0.83772
-0.81388
-0.78856
-0.76177
-0.73354
-0.70391
-0.67291
-0.64061
-0.60707
-0.57236
-0.53656
-0.49975
-0.46201
-0.42343
-0.38409
-0.34408
-0.30346
-0.26232
-0.22073
-0.17875
-0.13645
-0.09390
-0.05115
-0.00826
0.03472
0.07772
0.12068
0.16357
0.20631
0.24885
0.29114
0.33313
0.37475
0.41595
0.45668
0.49690
0.53654
0.57556
0.61394
0.65162
0.68858
0.72480
0.76027
0.79496
0.82889
0.86206
0.89448
0.92617
0.95715
0.98745
1.01711
1.04614
1.07458
1.10245
1.12977
1.15655
1.18279
1.20850
1.23365
1.25825
1.28225
1.30563
1.32836
1.35040
1.37170
1.39224
1.41198
1.43090
1.44896
1.46615
1.48247
1.49790
1.51246
1.52616
1.53902
1.55106
1.56232
1.57282
1.58262
1.59175
1.60025
1.60817
1.61555
1.62243
1.62885
1.63484
1.64046
1.64572
1.65066
1.65531
1.65969
1.66383
1.66774
1.67146
1.67499
1.67834
1.68154
1.68460
1.68752
1.69031
1.69299
1.69556
1.69803
1.70040
1.70268
1.70488
1.70701
1.70906
1.71104
1.71295
1.71481
1.71661
1.71835
1.72005
1.72171
1.72332
1.72489
1.72643
1.72794
1.72943
1.73088
1.73232
1.73373
1.73513
1.73652
1.73789
1.73926
1.74062
1.74197
1.74333
1.74468
1.74604
1.74739
1.74876
1.75013
1.75151
1.75289
1.75429
1.75570
1.75712
1.75855
1.75999
1.76144
1.76290
1.76438
1.76586
1.76736
1.76887
1.77038
1.77190
1.77342
1.77496
1.77649
1.77802
1.77956
1.78109
1.78262
1.78414
1.78565
1.78716
1.78865
-0.81446
-0.81402
-0.81352
-0.81297
-0.81235
-0.81166
-0.81088
-0.81001
-0.80903
-0.80794
-0.80672
-0.80536
-0.80383
-0.80212
-0.80021
-0.79808
-0.79570
-0.79305
-0.79009
-0.78679
-0.78312
-0.77903
-0.77449
-0.76945
-0.76386
-0.75766
-0.75081
-0.74325
-0.73491
-0.72573
-0.71565
-0.70460
-0.69252
-0.67933
-0.66499
-0.64943
-0.63259
-0.61443
-0.59490
-0.57398
-0.55164
-0.52786
-0.50266
-0.47603
-0.44799
-0.41860
-0.38788
-0.35589
-0.32269
-0.28836
-0.25297
-0.21659
-0.17931
-0.14121
-0.10237
-0.06286
-0.02278
0.01780
0.05882
0.10020
0.14187
0.18376
0.22581
0.26796
0.31015
0.35230
0.39437
0.43629
0.47801
0.51945
0.56058
0.60132
0.64163
0.68144
0.72072
0.75941
0.79748
0.83488
0.87158
0.90757
0.94282
0.97732
1.01107
1.04407
1.07633
1.10788
1.13871
1.16887
1.19836
1.22721
1.25545
1.28308
1.31013
1.33658
1.36245
1.38773
1.41240
1.43644
1.45983
1.48253
1.50453
1.52579
1.54628
1.56598
1.58486
1.60292
1.62013
1.63651
1.65205
1.66676
1.68066
1.69379
1.70616
1.71781
1.72878
1.73911
1.74884
1.75800
1.76664
1.77480
1.78252
1.78983
1.79676
1.80334
1.80961
1.81559
1.82129
1.82674
1.83197
1.83697
1.84177
1.84638
1.85081
1.85507
1.85917
1.86311
1.86690
1.87056
1.87407
1.87746
1.88073
1.88387
1.88690
1.88982
1.89264
1.89535
1.89797
1.90050
1.90294
1.90530
1.90759
1.90980
1.91194
1.91401
1.91602
1.91798
1.91988
1.92173
1.92354
1.92530
1.92702
1.92870
1.93036
1.93198
1.93357
1.93514
1.93668
1.93821
1.93971
1.94120
1.94267
1.94413
1.94558
1.94701
1.94844
1.94985
1.95126
1.95266
1.95405
1.95543
1.95681
-0.54809
-0.54799
-0.54790
-0.54780
-0.54769
-0.54758
-0.54747
-0.54734
-0.54721
-0.54706
-0.54690
-0.54672
-0.54653
-0.54632
-0.54608
-0.54582
-0.54552
-0.54520
-0.54483
-0.54443
-0.54397
-0.54347
-0.54290
-0.54226
-0.54155
-0.54076
-0.53987
-0.53887
-0.53776
-0.53652
-0.53512
-0.53357
-0.53183
-0.52988
-0.52771
-0.52529
-0.52259
-0.51958
-0.51623
-0.51249
-0.50834
-0.50373
-0.49862
-0.49295
-0.48668
-0.47974
-0.47209
-0.46366
-0.45440
-0.44423
-0.43310
-0.42094
-0.40769
-0.39329
-0.37768
-0.36082
-0.34266
-0.32316
-0.30228
-0.28002
-0.25636
-0.23130
-0.20486
-0.17705
-0.14791
-0.11749
-0.08584
-0.05301
-0.01907
0.01589
0.05181
0.08861
0.12620
0.16451
0.20345
0.24295
0.28292
0.32329
0.36399
0.40495
0.44609
0.48734
0.52864
0.56992
0.61112
0.65217
0.69300
0.73357
0.77380
0.81364
0.85303
0.89192
0.93026
0.96802
1.00514
1.04160
1.07738
1.11244
1.14678
1.18040
1.21329
1.24545
1.27691
1.30767
1.33775
1.36716
1.39593
1.42407
1.45158
1.47847
1.50475
1.53042
1.55545
1.57984
1.60358
1.62663
1.64898
1.67061
1.69150
1.71163
1.73099
1.74957
1.76737
1.78440
1.80066
1.81617
1.83096
1.84505
1.85847
1.87126
1.88345
1.89507
1.90617
1.91678
1.92693
1.93666
1.94600
1.95496
1.96359
1.97189
1.97988
1.98759
1.99503
2.00221
2.00914
2.01583
2.02228
2.02851
2.03452
2.04031
2.04590
2.05128
2.05647
2.06147
2.06627
2.07090
2.07534
2.07962
2.08373
2.08768
2.09148
2.09512
2.09863
2.10199
2.10522
2.10833
2.11132
2.11419
2.11695
2.11961
2.12217
2.12464
2.12702
2.12931
2.13153
2.13367
2.13574
2.13775
2.13969
2.14157
2.14340
-0.29566
-0.29508
-0.29456
-0.29407
-0.29363
-0.29323
-0.29286
-0.29253
-0.29222
-0.29194
-0.29168
-0.29144
-0.29122
-0.29101
-0.29082
-0.29064
-0.29047
-0.29031
-0.29015
-0.29000
-0.28985
-0.28971
-0.28956
-0.28942
-0.28927
-0.28911
-0.28895
-0.28878
-0.28860
-0.28840
-0.28819
-0.28796
-0.28770
-0.28743
-0.28712
-0.28678
-0.28641
-0.28599
-0.28553
-0.28501
-0.28443
-0.28379
-0.28307
-0.28226
-0.28136
-0.28036
-0.27924
-0.27798
-0.27658
-0.27501
-0.27326
-0.27130
-0.26912
-0.26668
-0.26397
-0.26094
-0.25757
-0.25382
-0.24965
-0.24502
-0.23989
-0.23420
-0.22791
-0.22096
-0.21330
-0.20486
-0.19559
-0.18542
-0.17430
-0.16216
-0.14894
-0.13458
-0.11903
-0.10225
-0.08418
-0.06480
-0.04407
-0.02198
0.00148
0.02630
0.05248
0.08000
0.10881
0.13887
0.17014
0.20255
0.23603
0.27052
0.30593
0.34220
0.37923
0.41696
0.45529
0.49414
0.53344
0.57311
0.61307
0.65325
0.69356
0.73395
0.77434
0.81465
0.85483
0.89480
0.93451
0.97389
1.01288
1.05143
1.08949
1.12701
1.16395
1.20028
1.23596
1.27098
1.30533
1.33898
1.37194
1.40422
1.43581
1.46673
1.49698
1.52660
1.55557
1.58393
1.61166
1.63879
1.66530
1.69120
1.71648
1.74112
1.76512
1.78847
1.81114
1.83314
1.85445
1.87507
1.89499
1.91423
1.93279
1.95068
1.96793
1.98455
2.00057
2.01602
2.03093
2.04531
2.05922
2.07265
2.08566
2.09824
2.11044
2.12225
2.13370
2.14480
2.15556
2.16598
2.17608
2.18586
2.19532
2.20447
2.21331
2.22185
2.23008
2.23802
2.24567
2.25303
2.26010
2.26690
2.27343
2.27969
2.28570
2.29146
2.29698
2.30226
2.30731
2.31215
2.31678
2.32120
2.32544
2.32948
2.33335
-0.09407
-0.09036
-0.08681
-0.08343
-0.08022
-0.07720
-0.07435
-0.07169
-0.06920
-0.06689
-0.06474
-0.06275
-0.06091
-0.05922
-0.05766
-0.05623
-0.05491
-0.05370
-0.05259
-0.05158
-0.05065
-0.04981
-0.04903
-0.04832
-0.04767
-0.04708
-0.04653
-0.04604
-0.04558
-0.04516
-0.04477
-0.04442
-0.04409
-0.04378
-0.04350
-0.04323
-0.04298
-0.04274
-0.04251
-0.04229
-0.04207
-0.04186
-0.04165
-0.04144
-0.04122
-0.04100
-0.04076
-0.04052
-0.04026
-0.03998
-0.03968
-0.03935
-0.03899
-0.03860
-0.03817
-0.03769
-0.03716
-0.03657
-0.03592
-0.03519
-0.03438
-0.03348
-0.03247
-0.03135
-0.03009
-0.02869
-0.02712
-0.02537
-0.02342
-0.02124
-0.01882
-0.01611
-0.01309
-0.00974
-0.00600
-0.00185
0.00275
0.00786
0.01352
0.01977
0.02668
0.03430
0.04268
0.05189
0.06199
0.07303
0.08508
0.09820
0.11243
0.12784
0.14447
0.16236
0.18155
0.20206
0.22391
0.24710
0.27164
0.29750
0.32467
0.35311
0.38278
0.41363
0.44559
0.47861
0.51260
0.54750
0.58323
0.61970
0.65684
0.69456
0.73277
0.77141
0.81039
0.84962
0.88904
0.92856
0.96812
1.00764
1.04705
1.08629
1.12529
1.16399
1.20233
1.24026
1.27773
1.31470
1.35113
1.38700
1.42227
1.45693
1.49097
1.52438
1.55717
1.58932
1.62086
1.65180
1.68213
1.71188
1.74105
1.76965
1.79769
1.82516
1.85207
1.87841
1.90418
1.92938
1.95400
1.97804
2.00148
2.02434
2.04662
2.06832
2.08944
2.11001
2.13002
2.14951
2.16848
2.18694
2.20493
2.22244
2.23949
2.25610
2.27226
2.28800
2.30330
2.31819
2.33265
2.34668
2.36030
2.37350
2.38627
2.39862
2.41055
2.42206
2.43316
2.44384
2.45411
2.46398
2.47346
2.48254
2.49125
0.04091
0.04445
0.04810
0.05188
0.05579
0.05984
0.06404
0.06838
0.07287
0.07749
0.08222
0.08706
0.09198
0.09695
0.10196
0.10697
0.11196
0.11690
0.12176
0.12651
0.13113
0.13560
0.13989
0.14401
0.14793
0.15164
0.15515
0.15845
0.16154
0.16443
0.16711
0.16961
0.17191
0.17405
0.17602
0.17783
0.17949
0.18102
0.18243
0.18372
0.18490
0.18598
0.18697
0.18787
0.18870
0.18946
0.19016
0.19080
0.19139
0.19194
0.19244
0.19290
0.19333
0.19374
0.19411
0.19447
0.19481
0.19513
0.19545
0.19575
0.19605
0.19635
0.19665
0.19696
0.19728
0.19761
0.19796
0.19832
0.19872
0.19914
0.19960
0.20011
0.20066
0.20126
0.20193
0.20267
0.20349
0.20441
0.20542
0.20655
0.20781
0.20921
0.21078
0.21252
0.21447
0.21664
0.21906
0.22175
0.22475
0.22809
0.23180
0.23593
0.24051
0.24558
0.25120
0.25741
0.26428
0.27184
0.28016
0.28930
0.29932
0.31028
0.32223
0.33524
0.34936
0.36463
0.38112
0.39885
0.41786
0.43818
0.45981
0.48278
0.50707
0.53267
0.55955
0.58769
0.61703
0.64754
0.67914
0.71178
0.74538
0.77987
0.81517
0.85120
0.88788
0.92512
0.96284
1.00097
1.03941
1.07810
1.11695
1.15590
1.19486
1.23377
1.27256
1.31117
1.34955
1.38763
1.42536
1.46270
1.49962
1.53608
1.57205
1.60752
1.64247
1.67688
1.71077
1.74412
1.77695
1.80927
1.84107
1.87237
1.90318
1.93350
1.96334
1.99271
2.02160
2.05001
2.07795
2.10541
2.13239
2.15888
2.18488
2.21040
2.23542
2.25995
2.28399
2.30754
2.33060
2.35316
2.37524
2.39682
2.41791
2.43850
2.45858
2.47814
2.49719
2.51572
2.53371
2.55116
2.56806
0.14260
0.15135
0.15954
0.16720
0.17436
0.18104
0.18729
0.19315
0.19864
0.20380
0.20869
0.21333
0.21777
0.22203
0.22617
0.23022
0.23420
0.23816
0.24212
0.24611
0.25017
0.25430
0.25854
0.26290
0.26739
0.27203
0.27681
0.28175
0.28683
0.29205
0.29739
0.30283
0.30836
0.31394
0.31956
0.32517
0.33075
0.33627
0.34169
0.34699
0.35215
0.35713
0.36192
0.36651
0.37088
0.37501
0.37892
0.38259
0.38603
0.38924
0.39223
0.39501
0.39758
0.39995
0.40214
0.40416
0.40601
0.40772
0.40929
0.41072
0.41204
0.41325
0.41436
0.41538
0.41632
0.41718
0.41797
0.41871
0.41938
0.42001
0.42060
0.42115
0.42166
0.42215
0.42261
0.42306
0.42349
0.42391
0.42433
0.42475
0.42517
0.42560
0.42604
0.42650
0.42699
0.42751
0.42806
0.42866
0.42931
0.43002
0.43079
0.43165
0.43259
0.43363
0.43479
0.43607
0.43750
0.43909
0.44085
0.44282
0.44501
0.44745
0.45016
0.45318
0.45654
0.46027
0.46441
0.46901
0.47410
0.47974
0.48598
0.49286
0.50044
0.50879
0.51795
0.52799
0.53897
0.55094
0.56396
0.57810
0.59338
0.60988
0.62761
0.64662
0.66692
0.68854
0.71148
0.73574
0.76130
0.78813
0.81620
0.84548
0.87590
0.90742
0.93995
0.97344
1.00781
1.04298
1.07888
1.11541
1.15251
1.19008
1.22805
1.26635
1.30489
1.34360
1.38242
1.42126
1.46008
1.49880
1.53738
1.57576
1.61390
1.65176
1.68929
1.72648
1.76330
1.79973
1.83576
1.87139
1.90661
1.94142
1.97582
2.00982
2.04342
2.07663
2.10945
2.14189
2.17393
2.20559
2.23685
2.26771
2.29816
2.32819
2.35779
2.38695
2.41565
2.44388
2.47163
2.49888
2.52561
0.12544
0.13449
0.14405
0.15409
0.16457
0.17545
0.18666
0.19814
0.20984
0.22167
0.23358
0.24547
0.25729
0.26897
0.28043
0.29162
0.30250
0.31301
0.32312
0.33281
0.34206
0.35085
0.35919
0.36708
0.37454
0.38158
0.38823
0.39451
0.40046
0.40610
0.41148
0.41664
0.42159
0.42639
0.43108
0.43567
0.44022
0.44475
0.44930
0.45389
0.45855
0.46331
0.46818
0.47318
0.47831
0.48360
0.48903
0.49460
0.50031
0.50614
0.51207
0.51809
0.52415
0.53024
0.53632
0.54236
0.54832
0.55418
0.55990
0.56546
0.57083
0.57599
0.58093
0.58563
0.59008
0.59428
0.59822
0.60192
0.60537
0.60859
0.61157
0.61433
0.61689
0.61924
0.62142
0.62342
0.62526
0.62695
0.62851
0.62994
0.63125
0.63247
0.63359
0.63462
0.63558
0.63646
0.63729
0.63806
0.63879
0.63947
0.64012
0.64075
0.64135
0.64193
0.64251
0.64308
0.64366
0.64425
0.64485
0.64547
0.64612
0.64681
0.64755
0.64834
0.64919
0.65012
0.65114
0.65225
0.65348
0.65483
0.65633
0.65799
0.65983
0.66187
0.66414
0.66666
0.66946
0.67257
0.67603
0.67987
0.68414
0.68886
0.69409
0.69988
0.70628
0.71334
0.72111
0.72966
0.73904
0.74931
0.76053
0.77277
0.78607
0.80049
0.81608
0.83289
0.85095
0.87029
0.89094
0.91292
0.93621
0.96083
0.98675
1.01394
1.04238
1.07201
1.10279
1.13466
1.16754
1.20138
1.23610
1.27161
1.30785
1.34474
1.38219
1.42013
1.45848
1.49718
1.53614
1.57530
1.61460
1.65397
1.69336
1.73272
1.77199
1.81114
1.85012
1.88891
1.92748
1.96580
2.00385
2.04163
2.07912
2.11632
2.15321
2.18980
2.22608
2.26205
2.29770
2.33302
2.36801
0.34878
0.34575
0.34318
0.34106
0.33941
0.33822
0.33749
0.33723
0.33743
0.33809
0.33922
0.34081
0.34287
0.34541
0.34842
0.35191
0.35590
0.36037
0.36533
0.37079
0.37673
0.38315
0.39004
0.39738
0.40515
0.41331
0.42184
0.43069
0.43982
0.44917
0.45870
0.46834
0.47803
0.48772
0.49735
0.50686
0.51621
0.52535
0.53425
0.54286
0.55117
0.55916
0.56683
0.57416
0.58117
0.58787
0.59427
0.60039
0.60626
0.61190
0.61735
0.62264
0.62780
0.63286
0.63786
0.64284
0.64781
0.65281
0.65788
0.66302
0.66827
0.67364
0.67914
0.68478
0.69055
0.69647
0.70252
0.70868
0.71494
0.72128
0.72766
0.73405
0.74043
0.74677
0.75302
0.75915
0.76514
0.77096
0.77657
0.78197
0.78713
0.79204
0.79669
0.80108
0.80520
0.80907
0.81268
0.81604
0.81917
0.82206
0.82474
0.82722
0.82950
0.83162
0.83356
0.83536
0.83702
0.83855
0.83997
0.84128
0.84250
0.84364
0.84470
0.84571
0.84665
0.84755
0.84841
0.84924
0.85005
0.85085
0.85164
0.85243
0.85323
0.85405
0.85490
0.85579
0.85673
0.85773
0.85879
0.85995
0.86119
0.86256
0.86405
0.86568
0.86749
0.86947
0.87167
0.87411
0.87681
0.87980
0.88312
0.88680
0.89088
0.89540
0.90040
0.90594
0.91205
0.91880
0.92625
0.93443
0.94343
0.95328
0.96407
0.97584
0.98865
1.00257
1.01764
1.03391
1.05143
1.07022
1.09033
1.11177
1.13454
1.15866
1.18410
1.21086
1.23890
1.26819
1.29867
1.33030
1.36301
1.39675
1.43143
1.46699
1.50335
1.54044
1.57818
1.61650
1.65531
1.69456
1.73418
1.77409
1.81423
1.85455
1.89499
1.93550
1.97604
2.01656
2.05702
2.09739
2.13764
0.70427
0.70054
0.69658
0.69238
0.68798
0.68337
0.67859
0.67366
0.66861
0.66347
0.65829
0.65311
0.64796
0.64289
0.63794
0.63316
0.62858
0.62424
0.62018
0.61641
0.61297
0.60987
0.60713
0.60477
0.60279
0.60120
0.59999
0.59919
0.59878
0.59877
0.59916
0.59995
0.60114
0.60274
0.60474
0.60716
0.60998
0.61322
0.61687
0.62093
0.62541
0.63029
0.63556
0.64122
0.64725
0.65363
0.66032
0.66731
0.67455
0.68201
0.68965
0.69741
0.70526
0.71315
0.72103
0.72887
0.73661
0.74423
0.75170
0.75898
0.76607
0.77294
0.77959
0.78603
0.79226
0.79828
0.80412
0.80980
0.81533
0.82074
0.82606
0.83132
0.83655
0.84177
0.84702
0.85231
0.85768
0.86314
0.86870
0.87439
0.88020
0.88615
0.89223
0.89843
0.90474
0.91114
0.91762
0.92413
0.93066
0.93717
0.94362
0.95000
0.95625
0.96236
0.96829
0.97401
0.97952
0.98479
0.98980
0.99456
0.99905
1.00328
1.00724
1.01095
1.01440
1.01762
1.02061
1.02338
1.02596
1.02834
1.03055
1.03260
1.03450
1.03627
1.03792
1.03947
1.04091
1.04228
1.04357
1.04480
1.04598
1.04712
1.04823
1.04933
1.05041
1.05151
1.05261
1.05375
1.05492
1.05615
1.05744
1.05881
1.06027
1.06185
1.06356
1.06542
1.06746
1.06969
1.07214
1.07484
1.07781
1.08110
1.08474
1.08876
1.09320
1.09812
1.10355
1.10955
1.11616
1.12345
1.13148
1.14029
1.14995
1.16053
1.17208
1.18467
1.19834
1.21317
1.22920
1.24647
1.26502
1.28490
1.30612
1.32869
1.35262
1.37792
1.40456
1.43251
1.46176
1.49225
1.52394
1.55676
1.59067
1.62558
1.66144
1.69817
1.73569
1.77393
1.81283
1.85230
1.89228
0.94472
0.94439
0.94403
0.94362
0.94316
0.94264
0.94206
0.94140
0.94067
0.93986
0.93895
0.93793
0.93680
0.93555
0.93417
0.93265
0.93097
0.92913
0.92713
0.92495
0.92259
0.92004
0.91732
0.91441
0.91132
0.90807
0.90466
0.90110
0.89743
0.89366
0.88982
0.88594
0.88204
0.87818
0.87436
0.87065
0.86705
0.86362
0.86038
0.85735
0.85456
0.85203
0.84979
0.84783
0.84619
0.84486
0.84385
0.84317
0.84282
0.84280
0.84312
0.84378
0.84478
0.84612
0.84781
0.84984
0.85222
0.85494
0.85801
0.86143
0.86519
0.86927
0.87369
0.87841
0.88343
0.88873
0.89428
0.90006
0.90604
0.91219
0.91847
0.92484
0.93129
0.93776
0.94423
0.95066
0.95704
0.96333
0.96952
0.97560
0.98156
0.98739
0.99311
0.99871
1.00421
1.00962
1.01497
1.02026
1.02554
1.03081
1.03610
1.04143
1.04683
1.05230
1.05788
1.06357
1.06938
1.07531
1.08136
1.08753
1.09380
1.10016
1.10659
1.11306
1.11955
1.12602
1.13245
1.13879
1.14503
1.15112
1.15705
1.16278
1.16830
1.17358
1.17863
1.18342
1.18796
1.19224
1.19626
1.20003
1.20357
1.20687
1.20995
1.21283
1.21551
1.21802
1.22036
1.22256
1.22462
1.22656
1.22839
1.23014
1.23181
1.23342
1.23498
1.23650
1.23801
1.23950
1.24101
1.24254
1.24411
1.24573
1.24743
1.24921
1.25110
1.25313
1.25530
1.25765
1.26021
1.26299
1.26604
1.26938
1.27305
1.27709
1.28153
1.28643
1.29183
1.29778
1.30434
1.31155
1.31948
1.32818
1.33772
1.34817
1.35957
1.37200
1.38552
1.40018
1.41603
1.43313
1.45152
1.47123
1.49229
1.51472
1.53854
1.56373
1.59030
1.61821
1.64745
1.67798
1.70974
1.14000
1.13998
1.13996
1.13994
1.13992
1.13989
1.13986
1.13982
1.13978
1.13973
1.13968
1.13962
1.13956
1.13948
1.13940
1.13930
1.13919
1.13907
1.13894
1.13878
1.13860
1.13841
1.13818
1.13793
1.13764
1.13732
1.13695
1.13654
1.13607
1.13555
1.13496
1.13430
1.13357
1.13275
1.13183
1.13082
1.12970
1.12846
1.12711
1.12563
1.12401
1.12227
1.12039
1.11838
1.11624
1.11397
1.11159
1.10910
1.10653
1.10388
1.10118
1.09845
1.09572
1.09300
1.09033
1.08774
1.08524
1.08287
1.08065
1.07860
1.07674
1.07509
1.07366
1.07247
1.07152
1.07083
1.07041
1.07025
1.07036
1.07075
1.07142
1.07237
1.07360
1.07512
1.07693
1.07902
1.08140
1.08407
1.08702
1.09025
1.09375
1.09751
1.10152
1.10577
1.11024
1.11491
1.11976
1.12477
1.12990
1.13514
1.14046
1.14583
1.15124
1.15665
1.16206
1.16744
1.17278
1.17808
1.18334
1.18855
1.19372
1.19885
1.20397
1.20908
1.21419
1.21934
1.22453
1.22977
1.23510
1.24051
1.24603
1.25165
1.25740
1.26325
1.26922
1.27529
1.28145
1.28768
1.29395
1.30025
1.30655
1.31281
1.31902
1.32512
1.33111
1.33694
1.34261
1.34808
1.35333
1.35837
1.36318
1.36774
1.37207
1.37617
1.38003
1.38367
1.38710
1.39033
1.39337
1.39624
1.39895
1.40152
1.40397
1.40631
1.40856
1.41074
1.41285
1.41493
1.41699
1.41904
1.42111
1.42321
1.42536
1.42759
1.42991
1.43236
1.43495
1.43771
1.44067
1.44386
1.44732
1.45107
1.45517
1.45964
1.46454
1.46991
1.47580
1.48226
1.48935
1.49713
1.50565
1.51499
1.52519
1.53633
1.54848
1.56168
1.57600
1.59151
1.60824
1.62625
1.64558
1.32249
1.32246
1.32245
1.32243
1.32241
1.32240
1.32239
1.32238
1.32237
1.32236
1.32235
1.32234
1.32233
1.32233
1.32232
1.32231
1.32230
1.32230
1.32229
1.32228
1.32227
1.32226
1.32225
1.32224
1.32222
1.32221
1.32219
1.32218
1.32216
1.32213
1.32211
1.32208
1.32204
1.32201
1.32196
1.32192
1.32186
1.32180
1.32172
1.32164
1.32155
1.32144
1.32131
1.32117
1.32101
1.32082
1.32061
1.32036
1.32008
1.31977
1.31941
1.31900
1.31854
1.31802
1.31744
1.31678
1.31606
1.31525
1.31436
1.31339
1.31232
1.31117
1.30992
1.30859
1.30717
1.30568
1.30412
1.30249
1.30082
1.29912
1.29740
1.29568
1.29398
1.29233
1.29073
1.28921
1.28779
1.28649
1.28532
1.28430
1.28344
1.28276
1.28226
1.28196
1.28186
1.28197
1.28230
1.28285
1.28361
1.28461
1.28584
1.28729
1.28898
1.29091
1.29307
1.29546
1.29808
1.30092
1.30399
1.30726
1.31074
1.31441
1.31825
1.32225
1.32640
1.33067
1.33505
1.33952
1.34407
1.34867
1.35331
1.35798
1.36267
1.36738
1.37210
1.37683
1.38157
1.38634
1.39113
1.39596
1.40085
1.40579
1.41081
1.41592
1.42112
1.42642
1.43184
1.43736
1.44299
1.44873
1.45456
1.46047
1.46643
1.47244
1.47846
1.48448
1.49045
1.49636
1.50218
1.50788
1.51345
1.51885
1.52408
1.52912
1.53396
1.53860
1.54304
1.54727
1.55130
1.55514
1.55881
1.56231
1.56565
1.56886
1.57195
1.57494
1.57785
1.58069
1.58349
1.58627
1.58905
1.59185
1.59469
1.59761
1.60062
1.60375
1.60703
1.61050
1.61418
1.61811
1.62233
1.62687
1.63179
1.63712
1.64291
1.64922
1.65610
1.66360
1.67180
1.68074
1.69050
1.49926
1.49870
1.49821
1.49777
1.49739
1.49706
1.49676
1.49650
1.49627
1.49606
1.49588
1.49572
1.49558
1.49545
1.49534
1.49524
1.49515
1.49508
1.49501
1.49495
1.49489
1.49484
1.49480
1.49476
1.49473
1.49470
1.49467
1.49465
1.49463
1.49461
1.49459
1.49458
1.49457
1.49456
1.49455
1.49454
1.49453
1.49453
1.49452
1.49452
1.49451
1.49451
1.49451
1.49451
1.49451
1.49451
1.49451
1.49451
1.49451
1.49451
1.49451
1.49451
1.49451
1.49451
1.49451
1.49450
1.49450
1.49449
1.49448
1.49447
1.49445
1.49443
1.49440
1.49437
1.49432
1.49426
1.49419
1.49410
1.49399
1.49385
1.49370
1.49351
1.49329
1.49304
1.49274
1.49240
1.49202
1.49158
1.49110
1.49056
1.48997
1.48933
1.48864
1.48791
1.48714
1.48633
1.48550
1.48466
1.48381
1.48297
1.48215
1.48137
1.48064
1.47997
1.47938
1.47888
1.47848
1.47819
1.47803
1.47800
1.47812
1.47838
1.47881
1.47939
1.48014
1.48107
1.48217
1.48345
1.48492
1.48657
1.48841
1.49043
1.49264
1.49504
1.49761
1.50036
1.50328
1.50637
1.50961
1.51299
1.51650
1.52013
1.52388
1.52772
1.53164
1.53564
1.53971
1.54384
1.54802
1.55225
1.55653
1.56087
1.56526
1.56972
1.57425
1.57886
1.58355
1.58833
1.59322
1.59821
1.60331
1.60852
1.61383
1.61925
1.62476
1.63034
1.63599
1.64168
1.64739
1.65310
1.65879
1.66443
1.67000
1.67548
1.68085
1.68609
1.69120
1.69616
1.70096
1.70562
1.71012
1.71447
1.71868
1.72277
1.72675
1.73062
1.73442
1.73816
1.74185
1.74553
1.74922
1.75294
1.75672
1.76058
1.76455
1.76868
1.77298
1.77749
1.78226
1.78731
1.79270
1.75684
1.74623
1.73653
1.72769
1.71970
1.71251
1.70607
1.70033
1.69522
1.69069
1.68669
1.68315
1.68004
1.67730
1.67489
1.67277
1.67091
1.66927
1.66784
1.66657
1.66546
1.66448
1.66361
1.66285
1.66218
1.66159
1.66107
1.66060
1.66019
1.65983
1.65951
1.65923
1.65898
1.65875
1.65856
1.65838
1.65822
1.65809
1.65796
1.65786
1.65776
1.65767
1.65760
1.65753
1.65747
1.65742
1.65738
1.65734
1.65730
1.65727
1.65725
1.65723
1.65721
1.65720
1.65718
1.65718
1.65717
1.65717
1.65717
1.65717
1.65718
1.65718
1.65720
1.65721
1.65723
1.65725
1.65727
1.65729
1.65732
1.65736
1.65740
1.65744
1.65748
1.65753
1.65759
1.65765
1.65772
1.65779
1.65786
1.65794
1.65803
1.65812
1.65821
1.65831
1.65840
1.65850
1.65860
1.65869
1.65879
1.65887
1.65895
1.65901
1.65906
1.65910
1.65913
1.65913
1.65911
1.65908
1.65902
1.65895
1.65886
1.65876
1.65865
1.65853
1.65841
1.65830
1.65821
1.65814
1.65811
1.65811
1.65817
1.65828
1.65846
1.65872
1.65906
1.65949
1.66002
1.66066
1.66141
1.66228
1.66327
1.66439
1.66564
1.66702
1.66855
1.67022
1.67203
1.67399
1.67609
1.67834
1.68074
1.68328
1.68595
1.68876
1.69170
1.69475
1.69792
1.70120
1.70458
1.70805
1.71161
1.71525
1.71897
1.72277
1.72665
1.73061
1.73465
1.73878
1.74299
1.74731
1.75172
1.75624
1.76087
1.76562
1.77047
1.77544
1.78051
1.78569
1.79095
1.79629
1.80169
1.80714
1.81262
1.81810
1.82357
1.82902
1.83442
1.83977
1.84504
1.85025
1.85537
1.86040
1.86536
1.87025
1.87507
1.87984
1.88457
1.88929
1.89401
1.89875
1.90354
2.19309
2.18376
2.17376
2.16308
2.15174
2.13975
2.12715
2.11399
2.10031
2.08620
2.07174
2.05701
2.04214
2.02722
2.01237
1.99770
1.98334
1.96939
1.95594
1.94309
1.93089
1.91941
1.90868
1.89872
1.88954
1.88113
1.87347
1.86652
1.86026
1.85463
1.84959
1.84510
1.84109
1.83754
1.83438
1.83159
1.82912
1.82693
1.82500
1.82330
1.82179
1.82046
1.81928
1.81824
1.81732
1.81650
1.81578
1.81515
1.81458
1.81408
1.81364
1.81324
1.81289
1.81259
1.81231
1.81207
1.81185
1.81166
1.81149
1.81134
1.81121
1.81110
1.81099
1.81090
1.81082
1.81075
1.81069
1.81064
1.81060
1.81056
1.81053
1.81051
1.81049
1.81048
1.81047
1.81047
1.81047
1.81048
1.81050
1.81052
1.81054
1.81057
1.81061
1.81065
1.81070
1.81076
1.81082
1.81090
1.81098
1.81107
1.81117
1.81129
1.81141
1.81155
1.81170
1.81187
1.81205
1.81225
1.81246
1.81269
1.81294
1.81320
1.81348
1.81378
1.81409
1.81442
1.81477
1.81513
1.81550
1.81588
1.81628
1.81668
1.81710
1.81752
1.81795
1.81838
1.81883
1.81928
1.81974
1.82022
1.82071
1.82122
1.82175
1.82231
1.82290
1.82352
1.82418
1.82488
1.82564
1.82645
1.82732
1.82826
1.82926
1.83034
1.83150
1.83274
1.83408
1.83551
1.83703
1.83866
1.84039
1.84223
1.84419
1.84625
1.84843
1.85073
1.85314
1.85566
1.85829
1.86104
1.86389
1.86684
1.86989
1.87304
1.87629
1.87963
1.88307
1.88660
1.89023
1.89395
1.89778
1.90171
1.90576
1.90992
1.91420
1.91860
1.92313
1.92778
1.93255
1.93745
1.94245
1.94757
1.95278
1.95807
1.96345
1.96888
1.97436
1.97989
1.98544
1.99102
1.99660
2.36132
2.36036
2.35928
2.35807
2.35672
2.35521
2.35353
2.35165
2.34957
2.34724
2.34466
2.34179
2.33861
2.33510
2.33122
2.32694
2.32224
2.31708
2.31144
2.30530
2.29861
2.29137
2.28356
2.27517
2.26619
2.25662
2.24648
2.23580
2.22461
2.21295
2.20088
2.18847
2.17580
2.16296
2.15004
2.13714
2.12436
2.11180
2.09955
2.08770
2.07633
2.06551
2.05527
2.04567
2.03672
2.02843
2.02081
2.01383
2.00747
2.00171
1.99651
1.99183
1.98763
1.98388
1.98053
1.97755
1.97489
1.97253
1.97044
1.96858
1.96693
1.96547
1.96418
1.96303
1.96201
1.96111
1.96031
1.95960
1.95897
1.95841
1.95792
1.95748
1.95709
1.95674
1.95644
1.95617
1.95593
1.95571
1.95553
1.95536
1.95522
1.95509
1.95498
1.95488
1.95480
1.95473
1.95467
1.95462
1.95459
1.95456
1.95454
1.95453
1.95452
1.95453
1.95454
1.95456
1.95459
1.95463
1.95468
1.95474
1.95481
1.95489
1.95498
1.95509
1.95521
1.95534
1.95549
1.95566
1.95584
1.95605
1.95627
1.95652
1.95680
1.95710
1.95743
1.95778
1.95817
1.95859
1.95904
1.95952
1.96004
1.96059
1.96117
1.96179
1.96245
1.96313
1.96386
1.96461
1.96539
1.96621
1.96705
1.96793
1.96883
1.96976
1.97072
1.97170
1.97272
1.97376
1.97483
1.97594
1.97707
1.97824
1.97944
1.98067
1.98195
1.98327
1.98463
1.98603
1.98749
1.98900
1.99057
1.99221
1.99391
1.99568
1.99752
1.99944
2.00145
2.00354
2.00573
2.00800
2.01037
2.01283
2.01539
2.01805
2.02080
2.02366
2.02661
2.02967
2.03283
2.03610
2.03947
2.04296
2.04657
2.05029
2.05415
2.05814
2.06226
2.06653
2.07094
2.07550
2.08022
2.44045
2.44044
2.44040
2.44036
2.44029
2.44021
2.44012
2.44000
2.43986
2.43969
2.43950
2.43927
2.43901
2.43872
2.43839
2.43801
2.43758
2.43709
2.43654
2.43592
2.43523
2.43445
2.43358
2.43259
2.43150
2.43027
2.42889
2.42736
2.42565
2.42375
2.42163
2.41927
2.41666
2.41377
2.41057
2.40705
2.40316
2.39890
2.39423
2.38914
2.38359
2.37757
2.37107
2.36407
2.35658
2.34858
2.34009
2.33114
2.32174
2.31193
2.30176
2.29129
2.28059
2.26972
2.25877
2.24782
2.23695
2.22625
2.21580
2.20567
2.19594
2.18664
2.17784
2.16956
2.16183
2.15465
2.14803
2.14195
2.13639
2.13134
2.12677
2.12265
2.11893
2.11560
2.11262
2.10996
2.10758
2.10546
2.10357
2.10190
2.10040
2.09908
2.09790
2.09685
2.09593
2.09510
2.09437
2.09372
2.09314
2.09263
2.09218
2.09178
2.09142
2.09111
2.09083
2.09058
2.09037
2.09018
2.09002
2.08987
2.08975
2.08964
2.08956
2.08948
2.08942
2.08938
2.08935
2.08933
2.08932
2.08933
2.08934
2.08937
2.08941
2.08947
2.08953
2.08962
2.08971
2.08983
2.08995
2.09010
2.09027
2.09046
2.09067
2.09091
2.09117
2.09146
2.09178
2.09214
2.09253
2.09296
2.09342
2.09393
2.09448
2.09508
2.09573
2.09642
2.09717
2.09796
2.09881
2.09971
2.10066
2.10167
2.10273
2.10383
2.10499
2.10619
2.10744
2.10874
2.11008
2.11146
2.11288
2.11433
2.11582
2.11735
2.11890
2.12049
2.12210
2.12375
2.12542
2.12713
2.12886
2.13062
2.13242
2.13425
2.13612
2.13804
2.14000
2.14201
2.14408
2.14621
2.14841
2.15068
2.15302
2.15544
2.15795
2.16055
2.16325
2.16604
2.16894
2.17194
2.17506
2.50224
2.50239
2.50253
2.50267
2.50279
2.50292
2.50304
2.50315
2.50326
2.50337
2.50347
2.50357
2.50367
2.50375
2.50384
2.50391
2.50398
2.50404
2.50409
2.50413
2.50416
2.50418
2.50419
2.50418
2.50415
2.50411
2.50405
2.50397
2.50387
2.50374
2.50359
2.50341
2.50319
2.50295
2.50266
2.50233
2.50196
2.50153
2.50104
2.50050
2.49988
2.49918
2.49840
2.49751
2.49653
2.49542
2.49418
2.49280
2.49126
2.48954
2.48763
2.48551
2.48315
2.48055
2.47768
2.47451
2.47103
2.46721
2.46304
2.45850
2.45357
2.44824
2.44250
2.43634
2.42977
2.42279
2.41542
2.40768
2.39960
2.39122
2.38259
2.37375
2.36478
2.35574
2.34669
2.33771
2.32887
2.32022
2.31184
2.30378
2.29608
2.28878
2.28191
2.27548
2.26951
2.26399
2.25892
2.25428
2.25005
2.24622
2.24276
2.23963
2.23683
2.23431
2.23206
2.23004
2.22824
2.22664
2.22521
2.22394
2.22281
2.22180
2.22091
2.22012
2.21941
2.21879
2.21823
2.21774
2.21731
2.21692
2.21658
2.21628
2.21602
2.21579
2.21560
2.21542
2.21528
2.21515
2.21505
2.21497
2.21490
2.21485
2.21482
2.21481
2.21481
2.21483
2.21486
2.21491
2.21498
2.21507
2.21517
2.21530
2.21544
2.21561
2.21580
2.21601
2.21626
2.21653
2.21684
2.21718
2.21756
2.21798
2.21844
2.21895
2.21950
2.22011
2.22077
2.22149
2.22226
2.22310
2.22401
2.22498
2.22601
2.22712
2.22829
2.22953
2.23084
2.23221
2.23366
2.23516
2.23673
2.23835
2.24003
2.24177
2.24355
2.24538
2.24724
2.24915
2.25109
2.25307
2.25507
2.25709
2.25915
2.26122
2.26332
2.26545
2.26760
2.26978
2.27200
2.27425
2.27655
2.54334
2.54495
2.54639
2.54768
2.54883
2.54986
2.55079
2.55162
2.55237
2.55304
2.55365
2.55419
2.55468
2.55512
2.55553
2.55589
2.55623
2.55653
2.55682
2.55708
2.55732
2.55755
2.55776
2.55796
2.55815
2.55833
2.55850
2.55867
2.55883
2.55898
2.55913
2.55927
2.55940
2.55953
2.55965
2.55977
2.55987
2.55997
2.56006
2.56013
2.56020
2.56025
2.56028
2.56031
2.56031
2.56030
2.56026
2.56021
2.56013
2.56003
2.55990
2.55974
2.55955
2.55932
2.55905
2.55874
2.55838
2.55797
2.55750
2.55697
2.55637
2.55568
2.55492
2.55405
2.55308
2.55200
2.55078
2.54943
2.54792
2.54624
2.54437
2.54230
2.54002
2.53750
2.53473
2.53169
2.52837
2.52475
2.52082
2.51656
2.51198
2.50706
2.50181
2.49624
2.49035
2.48416
2.47771
2.47102
2.46412
2.45707
2.44991
2.44270
2.43548
2.42832
2.42128
2.41439
2.40772
2.40131
2.39518
2.38938
2.38392
2.37881
2.37406
2.36967
2.36564
2.36195
2.35859
2.35554
2.35278
2.35029
2.34805
2.34604
2.34425
2.34264
2.34120
2.33992
2.33878
2.33776
2.33686
2.33606
2.33535
2.33471
2.33416
2.33366
2.33322
2.33284
2.33250
2.33221
2.33195
2.33173
2.33154
2.33138
2.33124
2.33113
2.33104
2.33098
2.33094
2.33091
2.33091
2.33093
2.33097
2.33103
2.33111
2.33121
2.33134
2.33148
2.33166
2.33186
2.33209
2.33236
2.33265
2.33299
2.33336
2.33378
2.33424
2.33475
2.33531
2.33592
2.33660
2.33734
2.33814
2.33902
2.33997
2.34099
2.34209
2.34327
2.34453
2.34587
2.34730
2.34881
2.35040
2.35207
2.35382
2.35565
2.35755
2.35952
2.36155
2.36365
2.36580
2.36800
2.37025
2.42910
2.44476
2.45933
2.47282
2.48527
2.49675
2.50728
2.51693
2.52575
2.53378
2.54110
2.54774
2.55376
2.55921
2.56413
2.56858
2.57258
2.57619
2.57944
2.58236
2.58498
2.58734
2.58945
2.59135
2.59305
2.59458
2.59594
2.59717
2.59828
2.59927
2.60016
2.60096
2.60168
2.60233
2.60292
2.60346
2.60394
2.60439
2.60479
2.60517
2.60551
2.60583
2.60613
2.60641
2.60667
2.60692
2.60716
2.60739
2.60760
2.60781
2.60800
2.60819
2.60837
2.60854
2.60870
2.60886
2.60900
2.60913
2.60925
2.60936
2.60945
2.60953
2.60959
2.60963
2.60966
2.60967
2.60965
2.60961
2.60954
2.60945
2.60932
2.60916
2.60897
2.60874
2.60846
2.60814
2.60776
2.60733
2.60684
2.60628
2.60565
2.60493
2.60412
2.60321
2.60219
2.60105
2.59978
2.59837
2.59681
2.59507
2.59316
2.59105
2.58873
2.58620
2.58343
2.58043
2.57718
2.57368
2.56993
2.56592
2.56166
2.55716
2.55245
2.54752
2.54242
2.53717
2.53180
2.52636
2.52087
2.51540
2.50997
2.50464
2.49943
2.49439
2.48955
2.48494
2.48057
2.47647
2.47263
2.46907
2.46579
2.46277
2.46002
2.45751
2.45523
2.45318
2.45133
2.44967
2.44818
2.44685
2.44566
2.44460
2.44365
2.44281
2.44207
2.44141
2.44082
2.44031
2.43986
2.43946
2.43911
2.43880
2.43854
2.43832
2.43812
2.43797
2.43783
2.43773
2.43766
2.43760
2.43758
2.43757
2.43759
2.43764
2.43770
2.43780
2.43791
2.43806
2.43823
2.43843
2.43867
2.43894
2.43924
2.43959
2.43997
2.44041
2.44089
2.44142
2.44201
2.44266
2.44338
2.44417
2.44502
2.44596
2.44698
2.44808
2.44926
2.45054
2.45192
2.45338
2.45495
1.94136
1.96613
1.99161
2.01769
2.04427
2.07120
2.09837
2.12565
2.15290
2.17999
2.20681
2.23322
2.25911
2.28438
2.30892
2.33265
2.35549
2.37738
2.39827
2.41811
2.43688
2.45457
2.47117
2.48669
2.50116
2.51459
2.52702
2.53849
2.54904
2.55872
2.56758
2.57567
2.58303
2.58973
2.59581
2.60132
2.60631
2.61081
2.61487
2.61853
2.62183
2.62480
2.62747
2.62987
2.63202
2.63396
2.63569
2.63726
2.63866
2.63992
2.64106
2.64208
2.64300
2.64383
2.64459
2.64527
2.64589
2.64646
2.64698
2.64746
2.64790
2.64831
2.64869
2.64904
2.64938
2.64969
2.64999
2.65028
2.65055
2.65081
2.65105
2.65129
2.65151
2.65172
2.65192
2.65210
2.65228
2.65244
2.65258
2.65271
2.65283
2.65292
2.65300
2.65305
2.65309
2.65310
2.65308
2.65304
2.65296
2.65286
2.65272
2.65254
2.65233
2.65207
2.65176
2.65140
2.65098
2.65051
2.64996
2.64934
2.64864
2.64785
2.64697
2.64598
2.64488
2.64366
2.64231
2.64082
2.63918
2.63738
2.63542
2.63329
2.63098
2.62849
2.62582
2.62297
2.61994
2.61675
2.61340
2.60990
2.60629
2.60257
2.59878
2.59493
2.59107
2.58722
2.58341
2.57967
2.57603
2.57252
2.56916
2.56596
2.56294
2.56012
2.55749
2.55505
2.55281
2.55076
2.54890
2.54721
2.54568
2.54431
2.54308
2.54198
2.54100
2.54013
2.53935
2.53866
2.53806
2.53752
2.53705
2.53664
2.53628
2.53597
2.53570
2.53547
2.53528
2.53512
2.53499
2.53489
2.53482
2.53478
2.53476
2.53476
2.53479
2.53485
2.53493
2.53504
2.53518
2.53534
2.53554
2.53577
2.53604
2.53634
2.53668
2.53707
2.53750
2.53799
2.53853
2.53913
2.53979
1.81323
1.81451
1.81647
1.81915
1.82257
1.82678
1.83181
1.83771
1.84450
1.85224
1.86095
1.87068
1.88145
1.89329
1.90622
1.92026
1.93541
1.95165
1.96898
1.98736
2.00676
2.02711
2.04835
2.07040
2.09317
2.11657
2.14047
2.16477
2.18934
2.21406
2.23881
2.26344
2.28785
2.31190
2.33549
2.35851
2.38087
2.40248
2.42326
2.44316
2.46212
2.48011
2.49712
2.51311
2.52810
2.54210
2.55512
2.56720
2.57835
2.58863
2.59807
2.60673
2.61463
2.62185
2.62841
2.63437
2.63978
2.64467
2.64910
2.65310
2.65670
2.65995
2.66288
2.66552
2.66789
2.67002
2.67194
2.67367
2.67522
2.67662
2.67788
2.67902
2.68005
2.68098
2.68183
2.68259
2.68330
2.68394
2.68453
2.68508
2.68558
2.68605
2.68649
2.68691
2.68729
2.68766
2.68801
2.68834
2.68865
2.68895
2.68924
2.68950
2.68976
2.69000
2.69022
2.69043
2.69063
2.69080
2.69096
2.69110
2.69122
2.69132
2.69140
2.69145
2.69147
2.69147
2.69145
2.69139
2.69129
2.69117
2.69100
2.69080
2.69055
2.69025
2.68991
2.68950
2.68904
2.68852
2.68793
2.68726
2.68651
2.68568
2.68476
2.68374
2.68262
2.68139
2.68006
2.67861
2.67705
2.67538
2.67359
2.67169
2.66969
2.66760
2.66542
2.66317
2.66086
2.65851
2.65614
2.65376
2.65140
2.64908
2.64681
2.64462
2.64251
2.64051
2.63862
2.63685
2.63521
2.63370
2.63231
2.63105
2.62991
2.62889
2.62797
2.62716
2.62644
2.62580
2.62524
2.62475
2.62432
2.62395
2.62363
2.62336
2.62313
2.62293
2.62277
2.62264
2.62254
2.62247
2.62242
2.62240
2.62240
2.62242
2.62246
2.62253
2.62262
2.62274
2.62288
2.62306
2.62325
2.00754
2.00408
2.00042
1.99660
1.99267
1.98865
1.98459
1.98054
1.97655
1.97265
1.96889
1.96533
1.96200
1.95894
1.95620
1.95380
1.95179
1.95020
1.94906
1.94839
1.94823
1.94860
1.94954
1.95107
1.95322
1.95603
1.95952
1.96374
1.96872
1.97449
1.98109
1.98855
1.99691
2.00620
2.01644
2.02767
2.03988
2.05310
2.06733
2.08254
2.09872
2.11585
2.13386
2.15271
2.17233
2.19264
2.21354
2.23493
2.25672
2.27877
2.30098
2.32322
2.34537
2.36731
2.38894
2.41013
2.43080
2.45084
2.47019
2.48877
2.50654
2.52343
2.53944
2.55453
2.56870
2.58196
2.59431
2.60578
2.61639
2.62618
2.63518
2.64344
2.65099
2.65789
2.66417
2.66988
2.67506
2.67976
2.68400
2.68784
2.69131
2.69444
2.69726
2.69980
2.70209
2.70416
2.70602
2.70770
2.70921
2.71058
2.71182
2.71294
2.71396
2.71488
2.71573
2.71650
2.71722
2.71787
2.71848
2.71905
2.71958
2.72007
2.72054
2.72098
2.72139
2.72179
2.72216
2.72252
2.72286
2.72318
2.72348
2.72377
2.72404
2.72429
2.72453
2.72475
2.72495
2.72513
2.72529
2.72542
2.72554
2.72564
2.72571
2.72576
2.72578
2.72577
2.72574
2.72568
2.72558
2.72546
2.72529
2.72509
2.72486
2.72458
2.72426
2.72389
2.72347
2.72301
2.72249
2.72192
2.72130
2.72062
2.71988
2.71910
2.71826
2.71737
2.71643
2.71546
2.71445
2.71342
2.71237
2.71131
2.71026
2.70922
2.70820
2.70722
2.70628
2.70540
2.70458
2.70382
2.70313
2.70251
2.70196
2.70148
2.70108
2.70073
2.70044
2.70021
2.70003
2.69989
2.69980
2.69973
2.69970
2.69969
2.69970
2.69973
2.69978
2.69984
2.69992
2.70001
2.70011
