# AthenaK opacity table, log10 kappa_R [cm^2/g] on (log10 T[K], log10 rho[g/cm3])
# source: orion 10-09 LTE calculation (scripts/run_T.py): Kurucz atomic lines (CD-ROM 1 for the Fe group, gfall08oct17 otherwise), Verner+96 / hydrogenic bf, ff, H-, CO/CN/OH/SiO/H2O/TiO (DACE+FastChem)
# GS98 metals, X=0.360 Y=0.620 Z=0.020; incl. electron (Thomson) + Rayleigh scattering
# VALID BOX = the whole table: log T 3.45..4.30, log rho -21..-12
# grid: nT nD lTmin dlT lDmin dlD
# 35 181 3.450 0.025 -21.00 0.05
# then nT*nD rows, T slowest: log10 kappa [cm^2/g]
-3.60527
-3.61761
-3.62961
-3.64130
-3.65269
-3.66381
-3.67468
-3.68533
-3.69579
-3.70609
-3.71625
-3.72631
-3.73629
-3.74623
-3.75614
-3.76606
-3.77601
-3.78601
-3.79608
-3.80622
-3.81645
-3.82678
-3.83721
-3.84774
-3.85837
-3.86909
-3.87990
-3.89079
-3.90174
-3.91273
-3.92376
-3.93480
-3.94583
-3.95684
-3.96781
-3.97871
-3.98953
-4.00024
-4.01082
-4.02126
-4.03153
-4.04161
-4.05149
-4.06115
-4.07058
-4.07976
-4.08867
-4.09732
-4.10569
-4.11378
-4.12158
-4.12909
-4.13631
-4.14324
-4.14989
-4.15626
-4.16235
-4.16818
-4.17375
-4.17908
-4.18416
-4.18901
-4.19363
-4.19805
-4.20225
-4.20625
-4.21005
-4.21365
-4.21707
-4.22030
-4.22335
-4.22621
-4.22889
-4.23140
-4.23373
-4.23589
-4.23788
-4.23970
-4.24136
-4.24285
-4.24420
-4.24539
-4.24645
-4.24736
-4.24814
-4.24880
-4.24934
-4.24976
-4.25008
-4.25030
-4.25043
-4.25046
-4.25042
-4.25029
-4.25010
-4.24984
-4.24952
-4.24913
-4.24870
-4.24822
-4.24769
-4.24713
-4.24652
-4.24589
-4.24523
-4.24454
-4.24384
-4.24312
-4.24239
-4.24165
-4.24092
-4.24019
-4.23947
-4.23876
-4.23808
-4.23742
-4.23680
-4.23622
-4.23569
-4.23521
-4.23479
-4.23443
-4.23416
-4.23396
-4.23385
-4.23385
-4.23395
-4.23417
-4.23451
-4.23499
-4.23561
-4.23639
-4.23733
-4.23844
-4.23973
-4.24120
-4.24287
-4.24474
-4.24681
-4.24908
-4.25157
-4.25426
-4.25716
-4.26026
-4.26357
-4.26708
-4.27079
-4.27469
-4.27877
-4.28304
-4.28748
-4.29209
-4.29687
-4.30182
-4.30692
-4.31218
-4.31760
-4.32317
-4.32890
-4.33477
-4.34079
-4.34696
-4.35327
-4.35972
-4.36631
-4.37303
-4.37987
-4.38684
-4.39391
-4.40109
-4.40836
-4.41570
-4.42310
-4.43056
-4.43804
-4.44554
-4.45302
-4.46048
-4.46788
-4.47521
-4.48243
-3.11725
-3.13825
-3.15905
-3.17965
-3.20004
-3.22020
-3.24014
-3.25984
-3.27929
-3.29849
-3.31742
-3.33607
-3.35444
-3.37252
-3.39030
-3.40777
-3.42493
-3.44177
-3.45828
-3.47446
-3.49031
-3.50583
-3.52101
-3.53587
-3.55039
-3.56460
-3.57849
-3.59208
-3.60539
-3.61841
-3.63118
-3.64371
-3.65602
-3.66813
-3.68006
-3.69184
-3.70350
-3.71505
-3.72651
-3.73791
-3.74927
-3.76060
-3.77192
-3.78325
-3.79459
-3.80596
-3.81735
-3.82877
-3.84021
-3.85168
-3.86318
-3.87468
-3.88618
-3.89768
-3.90915
-3.92058
-3.93196
-3.94328
-3.95450
-3.96562
-3.97662
-3.98747
-3.99817
-4.00870
-4.01903
-4.02915
-4.03905
-4.04872
-4.05813
-4.06729
-4.07618
-4.08478
-4.09311
-4.10115
-4.10889
-4.11635
-4.12351
-4.13039
-4.13698
-4.14329
-4.14932
-4.15509
-4.16059
-4.16584
-4.17083
-4.17558
-4.18010
-4.18438
-4.18844
-4.19227
-4.19588
-4.19928
-4.20247
-4.20545
-4.20822
-4.21079
-4.21317
-4.21535
-4.21734
-4.21915
-4.22077
-4.22222
-4.22351
-4.22463
-4.22560
-4.22642
-4.22709
-4.22764
-4.22806
-4.22835
-4.22854
-4.22861
-4.22859
-4.22848
-4.22828
-4.22799
-4.22763
-4.22720
-4.22670
-4.22615
-4.22553
-4.22487
-4.22416
-4.22341
-4.22263
-4.22181
-4.22097
-4.22011
-4.21924
-4.21835
-4.21746
-4.21658
-4.21570
-4.21484
-4.21401
-4.21320
-4.21243
-4.21170
-4.21103
-4.21041
-4.20987
-4.20940
-4.20901
-4.20872
-4.20854
-4.20846
-4.20851
-4.20869
-4.20902
-4.20949
-4.21012
-4.21092
-4.21189
-4.21305
-4.21439
-4.21591
-4.21763
-4.21954
-4.22165
-4.22394
-4.22643
-4.22910
-4.23194
-4.23496
-4.23815
-4.24149
-4.24498
-4.24861
-4.25238
-4.25626
-4.26027
-4.26438
-4.26858
-4.27288
-4.27725
-4.28169
-4.28619
-4.29074
-4.29533
-4.29994
-4.30457
-2.51411
-2.53777
-2.56139
-2.58497
-2.60849
-2.63196
-2.65537
-2.67871
-2.70199
-2.72520
-2.74832
-2.77137
-2.79433
-2.81720
-2.83998
-2.86265
-2.88522
-2.90767
-2.93000
-2.95221
-2.97429
-2.99623
-3.01803
-3.03968
-3.06117
-3.08250
-3.10366
-3.12463
-3.14542
-3.16602
-3.18641
-3.20660
-3.22657
-3.24631
-3.26583
-3.28510
-3.30413
-3.32290
-3.34141
-3.35966
-3.37764
-3.39534
-3.41275
-3.42989
-3.44674
-3.46330
-3.47957
-3.49556
-3.51127
-3.52670
-3.54185
-3.55675
-3.57138
-3.58578
-3.59994
-3.61388
-3.62762
-3.64117
-3.65455
-3.66778
-3.68086
-3.69383
-3.70668
-3.71945
-3.73213
-3.74475
-3.75731
-3.76982
-3.78229
-3.79472
-3.80711
-3.81946
-3.83176
-3.84403
-3.85624
-3.86838
-3.88046
-3.89246
-3.90436
-3.91616
-3.92784
-3.93938
-3.95077
-3.96200
-3.97305
-3.98391
-3.99455
-4.00498
-4.01517
-4.02511
-4.03480
-4.04421
-4.05335
-4.06221
-4.07077
-4.07904
-4.08701
-4.09468
-4.10205
-4.10912
-4.11589
-4.12237
-4.12856
-4.13446
-4.14008
-4.14542
-4.15049
-4.15530
-4.15984
-4.16412
-4.16815
-4.17193
-4.17546
-4.17876
-4.18182
-4.18464
-4.18724
-4.18962
-4.19178
-4.19373
-4.19548
-4.19702
-4.19838
-4.19956
-4.20056
-4.20139
-4.20206
-4.20258
-4.20295
-4.20319
-4.20330
-4.20329
-4.20316
-4.20293
-4.20260
-4.20217
-4.20165
-4.20106
-4.20038
-4.19964
-4.19884
-4.19797
-4.19705
-4.19608
-4.19508
-4.19403
-4.19296
-4.19186
-4.19074
-4.18961
-4.18848
-4.18735
-4.18622
-4.18511
-4.18402
-4.18296
-4.18193
-4.18095
-4.18003
-4.17916
-4.17836
-4.17764
-4.17700
-4.17646
-4.17602
-4.17568
-4.17545
-4.17534
-4.17536
-4.17549
-4.17575
-4.17614
-4.17664
-4.17727
-4.17800
-4.17884
-4.17977
-4.18079
-4.18187
-4.18301
-4.18419
-1.91721
-1.94084
-1.96450
-1.98820
-2.01194
-2.03570
-2.05949
-2.08330
-2.10713
-2.13097
-2.15483
-2.17869
-2.20256
-2.22642
-2.25029
-2.27415
-2.29800
-2.32184
-2.34566
-2.36946
-2.39324
-2.41700
-2.44073
-2.46442
-2.48808
-2.51170
-2.53528
-2.55881
-2.58229
-2.60572
-2.62909
-2.65240
-2.67564
-2.69881
-2.72191
-2.74493
-2.76787
-2.79071
-2.81347
-2.83613
-2.85868
-2.88113
-2.90346
-2.92568
-2.94777
-2.96973
-2.99155
-3.01323
-3.03477
-3.05615
-3.07737
-3.09842
-3.11930
-3.14000
-3.16051
-3.18083
-3.20096
-3.22088
-3.24059
-3.26008
-3.27935
-3.29840
-3.31721
-3.33579
-3.35413
-3.37223
-3.39009
-3.40770
-3.42506
-3.44218
-3.45906
-3.47569
-3.49209
-3.50826
-3.52419
-3.53991
-3.55542
-3.57072
-3.58583
-3.60076
-3.61551
-3.63009
-3.64453
-3.65882
-3.67298
-3.68702
-3.70094
-3.71476
-3.72847
-3.74208
-3.75560
-3.76902
-3.78235
-3.79559
-3.80872
-3.82175
-3.83467
-3.84747
-3.86015
-3.87269
-3.88508
-3.89732
-3.90939
-3.92127
-3.93297
-3.94445
-3.95572
-3.96676
-3.97755
-3.98809
-3.99836
-4.00836
-4.01808
-4.02750
-4.03663
-4.04545
-4.05396
-4.06216
-4.07004
-4.07760
-4.08485
-4.09179
-4.09840
-4.10471
-4.11070
-4.11639
-4.12178
-4.12686
-4.13165
-4.13615
-4.14036
-4.14429
-4.14794
-4.15131
-4.15442
-4.15727
-4.15986
-4.16220
-4.16430
-4.16616
-4.16779
-4.16921
-4.17041
-4.17141
-4.17221
-4.17282
-4.17326
-4.17353
-4.17364
-4.17359
-4.17340
-4.17308
-4.17262
-4.17204
-4.17134
-4.17053
-4.16962
-4.16861
-4.16751
-4.16632
-4.16505
-4.16370
-4.16228
-4.16079
-4.15923
-4.15762
-4.15594
-4.15422
-4.15244
-4.15062
-4.14875
-4.14685
-4.14490
-4.14292
-4.14091
-4.13887
-4.13680
-4.13469
-4.13256
-4.13039
-4.12819
-1.38412
-1.40495
-1.42600
-1.44724
-1.46868
-1.49030
-1.51210
-1.53405
-1.55616
-1.57841
-1.60079
-1.62330
-1.64593
-1.66867
-1.69151
-1.71445
-1.73748
-1.76059
-1.78378
-1.80705
-1.83038
-1.85377
-1.87722
-1.90072
-1.92427
-1.94786
-1.97149
-1.99515
-2.01884
-2.04256
-2.06630
-2.09006
-2.11383
-2.13762
-2.16141
-2.18521
-2.20900
-2.23280
-2.25659
-2.28037
-2.30413
-2.32788
-2.35162
-2.37533
-2.39901
-2.42266
-2.44628
-2.46987
-2.49342
-2.51692
-2.54037
-2.56378
-2.58713
-2.61043
-2.63366
-2.65683
-2.67993
-2.70295
-2.72590
-2.74876
-2.77154
-2.79423
-2.81682
-2.83931
-2.86170
-2.88398
-2.90614
-2.92818
-2.95010
-2.97189
-2.99354
-3.01505
-3.03642
-3.05764
-3.07869
-3.09959
-3.12032
-3.14088
-3.16126
-3.18146
-3.20148
-3.22130
-3.24093
-3.26037
-3.27960
-3.29862
-3.31744
-3.33606
-3.35446
-3.37265
-3.39064
-3.40841
-3.42597
-3.44333
-3.46049
-3.47745
-3.49421
-3.51078
-3.52717
-3.54338
-3.55941
-3.57527
-3.59097
-3.60651
-3.62191
-3.63715
-3.65225
-3.66722
-3.68204
-3.69674
-3.71130
-3.72572
-3.74001
-3.75417
-3.76818
-3.78205
-3.79577
-3.80932
-3.82272
-3.83594
-3.84898
-3.86182
-3.87447
-3.88690
-3.89911
-3.91108
-3.92281
-3.93429
-3.94549
-3.95642
-3.96707
-3.97742
-3.98746
-3.99719
-4.00660
-4.01569
-4.02445
-4.03287
-4.04096
-4.04870
-4.05610
-4.06316
-4.06988
-4.07625
-4.08229
-4.08798
-4.09334
-4.09836
-4.10305
-4.10742
-4.11146
-4.11518
-4.11858
-4.12168
-4.12447
-4.12697
-4.12918
-4.13110
-4.13275
-4.13413
-4.13525
-4.13612
-4.13674
-4.13712
-4.13728
-4.13722
-4.13694
-4.13645
-4.13576
-4.13487
-4.13379
-4.13253
-4.13107
-4.12943
-4.12761
-4.12561
-4.12342
-4.12105
-4.11849
-4.11573
-4.11278
-1.00474
-1.01690
-1.02960
-1.04282
-1.05656
-1.07081
-1.08555
-1.10077
-1.11645
-1.13258
-1.14915
-1.16613
-1.18350
-1.20126
-1.21939
-1.23786
-1.25667
-1.27580
-1.29523
-1.31494
-1.33493
-1.35517
-1.37566
-1.39638
-1.41732
-1.43847
-1.45981
-1.48134
-1.50304
-1.52491
-1.54693
-1.56909
-1.59139
-1.61382
-1.63637
-1.65903
-1.68179
-1.70465
-1.72761
-1.75065
-1.77376
-1.79695
-1.82021
-1.84353
-1.86690
-1.89033
-1.91380
-1.93732
-1.96087
-1.98446
-2.00807
-2.03172
-2.05538
-2.07906
-2.10275
-2.12646
-2.15017
-2.17388
-2.19759
-2.22130
-2.24500
-2.26869
-2.29237
-2.31603
-2.33966
-2.36328
-2.38687
-2.41042
-2.43394
-2.45743
-2.48087
-2.50427
-2.52762
-2.55092
-2.57417
-2.59736
-2.62048
-2.64354
-2.66653
-2.68944
-2.71228
-2.73504
-2.75771
-2.78029
-2.80277
-2.82516
-2.84744
-2.86962
-2.89169
-2.91364
-2.93547
-2.95717
-2.97875
-3.00019
-3.02149
-3.04265
-3.06367
-3.08453
-3.10524
-3.12579
-3.14618
-3.16640
-3.18645
-3.20634
-3.22605
-3.24558
-3.26493
-3.28411
-3.30310
-3.32191
-3.34054
-3.35899
-3.37725
-3.39534
-3.41325
-3.43098
-3.44853
-3.46592
-3.48313
-3.50017
-3.51705
-3.53377
-3.55032
-3.56672
-3.58296
-3.59904
-3.61497
-3.63074
-3.64635
-3.66181
-3.67711
-3.69225
-3.70722
-3.72202
-3.73665
-3.75109
-3.76535
-3.77941
-3.79327
-3.80691
-3.82033
-3.83353
-3.84648
-3.85918
-3.87162
-3.88379
-3.89568
-3.90728
-3.91857
-3.92956
-3.94022
-3.95055
-3.96054
-3.97019
-3.97948
-3.98842
-3.99698
-4.00518
-4.01300
-4.02044
-4.02750
-4.03417
-4.04045
-4.04635
-4.05185
-4.05696
-4.06167
-4.06600
-4.06993
-4.07347
-4.07662
-4.07939
-4.08177
-4.08376
-4.08537
-4.08660
-4.08746
-4.08793
-4.08803
-4.08776
-4.08711
-0.86463
-0.86722
-0.87007
-0.87321
-0.87665
-0.88043
-0.88456
-0.88906
-0.89397
-0.89929
-0.90506
-0.91129
-0.91800
-0.92520
-0.93292
-0.94116
-0.94993
-0.95925
-0.96911
-0.97953
-0.99049
-1.00201
-1.01407
-1.02666
-1.03979
-1.05344
-1.06759
-1.08224
-1.09736
-1.11296
-1.12900
-1.14548
-1.16237
-1.17966
-1.19734
-1.21539
-1.23378
-1.25251
-1.27156
-1.29092
-1.31056
-1.33047
-1.35065
-1.37107
-1.39172
-1.41259
-1.43367
-1.45494
-1.47640
-1.49804
-1.51984
-1.54179
-1.56389
-1.58612
-1.60848
-1.63096
-1.65356
-1.67625
-1.69904
-1.72193
-1.74490
-1.76794
-1.79106
-1.81424
-1.83748
-1.86078
-1.88413
-1.90752
-1.93096
-1.95443
-1.97793
-2.00146
-2.02501
-2.04858
-2.07217
-2.09577
-2.11938
-2.14299
-2.16660
-2.19021
-2.21382
-2.23741
-2.26099
-2.28455
-2.30810
-2.33162
-2.35511
-2.37858
-2.40201
-2.42541
-2.44876
-2.47208
-2.49534
-2.51856
-2.54173
-2.56483
-2.58788
-2.61086
-2.63378
-2.65663
-2.67940
-2.70209
-2.72470
-2.74723
-2.76966
-2.79200
-2.81425
-2.83639
-2.85843
-2.88036
-2.90218
-2.92388
-2.94546
-2.96692
-2.98825
-3.00945
-3.03051
-3.05144
-3.07223
-3.09287
-3.11337
-3.13372
-3.15391
-3.17396
-3.19384
-3.21357
-3.23315
-3.25256
-3.27181
-3.29090
-3.30982
-3.32859
-3.34719
-3.36563
-3.38391
-3.40203
-3.41998
-3.43778
-3.45541
-3.47288
-3.49019
-3.50734
-3.52432
-3.54114
-3.55780
-3.57429
-3.59060
-3.60674
-3.62271
-3.63849
-3.65409
-3.66949
-3.68469
-3.69968
-3.71446
-3.72902
-3.74334
-3.75742
-3.77126
-3.78483
-3.79813
-3.81114
-3.82386
-3.83628
-3.84838
-3.86015
-3.87157
-3.88265
-3.89336
-3.90369
-3.91363
-3.92317
-3.93230
-3.94101
-3.94928
-3.95710
-3.96446
-3.97135
-3.97776
-3.98367
-3.98908
-0.84337
-0.84364
-0.84395
-0.84430
-0.84469
-0.84514
-0.84564
-0.84620
-0.84684
-0.84755
-0.84834
-0.84923
-0.85023
-0.85134
-0.85258
-0.85396
-0.85550
-0.85721
-0.85911
-0.86122
-0.86355
-0.86612
-0.86895
-0.87208
-0.87551
-0.87927
-0.88338
-0.88787
-0.89275
-0.89806
-0.90381
-0.91001
-0.91670
-0.92388
-0.93158
-0.93980
-0.94855
-0.95784
-0.96768
-0.97807
-0.98901
-1.00050
-1.01253
-1.02509
-1.03819
-1.05181
-1.06593
-1.08054
-1.09564
-1.11120
-1.12721
-1.14365
-1.16051
-1.17777
-1.19541
-1.21341
-1.23177
-1.25046
-1.26947
-1.28878
-1.30837
-1.32824
-1.34837
-1.36874
-1.38935
-1.41017
-1.43120
-1.45242
-1.47382
-1.49540
-1.51714
-1.53904
-1.56107
-1.58325
-1.60554
-1.62796
-1.65048
-1.67311
-1.69583
-1.71864
-1.74153
-1.76449
-1.78753
-1.81063
-1.83379
-1.85700
-1.88026
-1.90356
-1.92689
-1.95027
-1.97367
-1.99709
-2.02054
-2.04400
-2.06748
-2.09096
-2.11445
-2.13794
-2.16143
-2.18491
-2.20839
-2.23185
-2.25529
-2.27872
-2.30212
-2.32550
-2.34884
-2.37216
-2.39544
-2.41867
-2.44187
-2.46502
-2.48812
-2.51117
-2.53417
-2.55710
-2.57998
-2.60278
-2.62552
-2.64819
-2.67078
-2.69329
-2.71571
-2.73805
-2.76031
-2.78246
-2.80452
-2.82649
-2.84834
-2.87009
-2.89173
-2.91326
-2.93467
-2.95596
-2.97713
-2.99817
-3.01909
-3.03987
-3.06052
-3.08103
-3.10141
-3.12165
-3.14174
-3.16169
-3.18149
-3.20114
-3.22065
-3.24000
-3.25921
-3.27826
-3.29715
-3.31589
-3.33447
-3.35289
-3.37115
-3.38925
-3.40718
-3.42494
-3.44253
-3.45995
-3.47719
-3.49424
-3.51111
-3.52778
-3.54426
-3.56053
-3.57659
-3.59243
-3.60803
-3.62340
-3.63851
-3.65337
-3.66795
-3.68224
-3.69623
-3.70991
-3.72326
-3.73627
-3.74891
-3.76118
-3.77304
-0.84110
-0.84107
-0.84105
-0.84103
-0.84101
-0.84100
-0.84100
-0.84101
-0.84102
-0.84105
-0.84108
-0.84113
-0.84120
-0.84128
-0.84137
-0.84149
-0.84163
-0.84179
-0.84198
-0.84220
-0.84246
-0.84275
-0.84308
-0.84346
-0.84388
-0.84437
-0.84492
-0.84554
-0.84624
-0.84702
-0.84790
-0.84889
-0.84999
-0.85122
-0.85260
-0.85413
-0.85584
-0.85774
-0.85984
-0.86216
-0.86474
-0.86757
-0.87070
-0.87413
-0.87790
-0.88202
-0.88651
-0.89141
-0.89672
-0.90248
-0.90870
-0.91539
-0.92259
-0.93029
-0.93852
-0.94729
-0.95659
-0.96644
-0.97684
-0.98779
-0.99928
-1.01132
-1.02389
-1.03699
-1.05061
-1.06473
-1.07934
-1.09443
-1.10998
-1.12598
-1.14241
-1.15925
-1.17649
-1.19411
-1.21209
-1.23042
-1.24908
-1.26806
-1.28734
-1.30690
-1.32673
-1.34681
-1.36714
-1.38770
-1.40847
-1.42944
-1.45061
-1.47196
-1.49347
-1.51515
-1.53698
-1.55895
-1.58104
-1.60327
-1.62560
-1.64804
-1.67059
-1.69322
-1.71594
-1.73874
-1.76161
-1.78454
-1.80754
-1.83059
-1.85369
-1.87684
-1.90002
-1.92324
-1.94649
-1.96977
-1.99306
-2.01637
-2.03970
-2.06303
-2.08637
-2.10971
-2.13305
-2.15638
-2.17970
-2.20301
-2.22631
-2.24958
-2.27283
-2.29605
-2.31924
-2.34240
-2.36552
-2.38860
-2.41164
-2.43463
-2.45758
-2.48047
-2.50330
-2.52608
-2.54879
-2.57143
-2.59401
-2.61651
-2.63894
-2.66129
-2.68355
-2.70573
-2.72782
-2.74982
-2.77172
-2.79352
-2.81522
-2.83681
-2.85829
-2.87966
-2.90092
-2.92205
-2.94307
-2.96396
-2.98472
-3.00535
-3.02585
-3.04621
-3.06643
-3.08651
-3.10644
-3.12622
-3.14585
-3.16533
-3.18464
-3.20379
-3.22278
-3.24159
-3.26022
-3.27868
-3.29695
-3.31502
-3.33290
-3.35057
-3.36802
-3.38525
-3.40225
-3.41900
-3.43550
-3.45173
-3.46769
-0.84140
-0.84133
-0.84127
-0.84121
-0.84114
-0.84107
-0.84100
-0.84093
-0.84086
-0.84078
-0.84071
-0.84064
-0.84056
-0.84049
-0.84042
-0.84034
-0.84027
-0.84020
-0.84013
-0.84007
-0.84001
-0.83995
-0.83990
-0.83986
-0.83982
-0.83979
-0.83977
-0.83976
-0.83976
-0.83977
-0.83980
-0.83984
-0.83991
-0.83999
-0.84009
-0.84022
-0.84038
-0.84057
-0.84080
-0.84106
-0.84136
-0.84171
-0.84212
-0.84258
-0.84311
-0.84371
-0.84438
-0.84515
-0.84601
-0.84698
-0.84807
-0.84929
-0.85065
-0.85218
-0.85387
-0.85576
-0.85786
-0.86018
-0.86275
-0.86559
-0.86871
-0.87215
-0.87592
-0.88004
-0.88454
-0.88945
-0.89477
-0.90054
-0.90677
-0.91348
-0.92068
-0.92840
-0.93664
-0.94542
-0.95473
-0.96459
-0.97500
-0.98595
-0.99745
-1.00949
-1.02207
-1.03517
-1.04878
-1.06289
-1.07749
-1.09257
-1.10811
-1.12409
-1.14049
-1.15731
-1.17452
-1.19211
-1.21006
-1.22835
-1.24697
-1.26590
-1.28512
-1.30463
-1.32440
-1.34443
-1.36469
-1.38518
-1.40588
-1.42678
-1.44787
-1.46914
-1.49057
-1.51216
-1.53389
-1.55576
-1.57776
-1.59988
-1.62211
-1.64444
-1.66687
-1.68938
-1.71198
-1.73465
-1.75739
-1.78019
-1.80304
-1.82595
-1.84890
-1.87189
-1.89492
-1.91797
-1.94106
-1.96416
-1.98728
-2.01041
-2.03354
-2.05668
-2.07982
-2.10296
-2.12609
-2.14920
-2.17230
-2.19539
-2.21844
-2.24148
-2.26448
-2.28745
-2.31038
-2.33327
-2.35612
-2.37892
-2.40167
-2.42437
-2.44700
-2.46958
-2.49209
-2.51454
-2.53691
-2.55920
-2.58142
-2.60355
-2.62560
-2.64755
-2.66941
-2.69117
-2.71283
-2.73438
-2.75582
-2.77714
-2.79834
-2.81942
-2.84037
-2.86118
-2.88185
-2.90237
-2.92275
-2.94296
-2.96301
-2.98290
-3.00260
-3.02212
-3.04144
-3.06057
-3.07948
-3.09817
-3.11662
-0.84189
-0.84184
-0.84179
-0.84174
-0.84169
-0.84163
-0.84157
-0.84151
-0.84145
-0.84138
-0.84131
-0.84124
-0.84117
-0.84109
-0.84101
-0.84093
-0.84085
-0.84077
-0.84068
-0.84059
-0.84049
-0.84040
-0.84030
-0.84020
-0.84010
-0.83999
-0.83988
-0.83977
-0.83966
-0.83955
-0.83944
-0.83933
-0.83921
-0.83910
-0.83899
-0.83887
-0.83876
-0.83866
-0.83855
-0.83845
-0.83836
-0.83827
-0.83819
-0.83812
-0.83805
-0.83800
-0.83796
-0.83794
-0.83793
-0.83794
-0.83798
-0.83803
-0.83811
-0.83822
-0.83836
-0.83854
-0.83876
-0.83902
-0.83933
-0.83969
-0.84011
-0.84060
-0.84116
-0.84180
-0.84253
-0.84336
-0.84429
-0.84535
-0.84654
-0.84788
-0.84937
-0.85104
-0.85290
-0.85497
-0.85727
-0.85982
-0.86263
-0.86574
-0.86915
-0.87290
-0.87700
-0.88149
-0.88637
-0.89167
-0.89742
-0.90363
-0.91032
-0.91751
-0.92520
-0.93342
-0.94217
-0.95146
-0.96129
-0.97167
-0.98259
-0.99406
-1.00606
-1.01859
-1.03165
-1.04522
-1.05928
-1.07383
-1.08885
-1.10433
-1.12025
-1.13659
-1.15334
-1.17048
-1.18799
-1.20585
-1.22406
-1.24259
-1.26143
-1.28056
-1.29997
-1.31963
-1.33955
-1.35970
-1.38007
-1.40065
-1.42142
-1.44238
-1.46351
-1.48480
-1.50625
-1.52783
-1.54954
-1.57138
-1.59333
-1.61539
-1.63754
-1.65979
-1.68211
-1.70451
-1.72698
-1.74951
-1.77210
-1.79473
-1.81741
-1.84012
-1.86287
-1.88564
-1.90844
-1.93125
-1.95408
-1.97691
-1.99974
-2.02258
-2.04540
-2.06822
-2.09102
-2.11380
-2.13655
-2.15928
-2.18198
-2.20464
-2.22726
-2.24983
-2.27236
-2.29483
-2.31724
-2.33960
-2.36188
-2.38410
-2.40623
-2.42829
-2.45026
-2.47214
-2.49392
-2.51559
-2.53716
-2.55861
-2.57993
-2.60113
-2.62218
-2.64310
-2.66385
-2.68444
-2.70486
-2.72509
-2.74513
-0.84222
-0.84219
-0.84216
-0.84213
-0.84209
-0.84205
-0.84201
-0.84197
-0.84193
-0.84188
-0.84184
-0.84179
-0.84173
-0.84168
-0.84162
-0.84156
-0.84150
-0.84143
-0.84137
-0.84130
-0.84122
-0.84115
-0.84107
-0.84099
-0.84090
-0.84081
-0.84072
-0.84062
-0.84052
-0.84042
-0.84032
-0.84021
-0.84009
-0.83998
-0.83985
-0.83973
-0.83960
-0.83947
-0.83933
-0.83919
-0.83905
-0.83890
-0.83875
-0.83860
-0.83844
-0.83828
-0.83812
-0.83796
-0.83779
-0.83762
-0.83745
-0.83728
-0.83711
-0.83695
-0.83678
-0.83662
-0.83646
-0.83630
-0.83615
-0.83601
-0.83588
-0.83576
-0.83565
-0.83555
-0.83547
-0.83541
-0.83537
-0.83535
-0.83536
-0.83540
-0.83547
-0.83558
-0.83572
-0.83591
-0.83616
-0.83645
-0.83681
-0.83723
-0.83772
-0.83830
-0.83897
-0.83973
-0.84061
-0.84160
-0.84273
-0.84401
-0.84544
-0.84705
-0.84885
-0.85086
-0.85309
-0.85558
-0.85833
-0.86136
-0.86471
-0.86839
-0.87242
-0.87683
-0.88163
-0.88685
-0.89252
-0.89864
-0.90524
-0.91234
-0.91993
-0.92805
-0.93670
-0.94588
-0.95561
-0.96587
-0.97668
-0.98802
-0.99990
-1.01231
-1.02523
-1.03866
-1.05259
-1.06700
-1.08187
-1.09720
-1.11296
-1.12914
-1.14572
-1.16269
-1.18002
-1.19771
-1.21573
-1.23407
-1.25271
-1.27164
-1.29084
-1.31029
-1.32999
-1.34991
-1.37005
-1.39039
-1.41091
-1.43161
-1.45248
-1.47350
-1.49466
-1.51595
-1.53737
-1.55890
-1.58053
-1.60225
-1.62407
-1.64596
-1.66792
-1.68994
-1.71202
-1.73414
-1.75631
-1.77851
-1.80074
-1.82300
-1.84526
-1.86754
-1.88982
-1.91210
-1.93437
-1.95663
-1.97887
-2.00108
-2.02326
-2.04540
-2.06750
-2.08955
-2.11155
-2.13348
-2.15535
-2.17714
-2.19885
-2.22047
-2.24199
-2.26341
-2.28471
-2.30589
-2.32693
-2.34783
-2.36857
-0.84204
-0.84206
-0.84207
-0.84208
-0.84208
-0.84208
-0.84208
-0.84207
-0.84206
-0.84205
-0.84203
-0.84201
-0.84199
-0.84197
-0.84194
-0.84191
-0.84187
-0.84184
-0.84180
-0.84176
-0.84171
-0.84166
-0.84161
-0.84156
-0.84150
-0.84144
-0.84138
-0.84131
-0.84124
-0.84117
-0.84109
-0.84101
-0.84093
-0.84084
-0.84075
-0.84066
-0.84056
-0.84045
-0.84035
-0.84024
-0.84012
-0.84000
-0.83987
-0.83974
-0.83961
-0.83947
-0.83932
-0.83917
-0.83902
-0.83886
-0.83869
-0.83852
-0.83834
-0.83816
-0.83797
-0.83778
-0.83758
-0.83738
-0.83717
-0.83696
-0.83674
-0.83652
-0.83629
-0.83606
-0.83582
-0.83559
-0.83535
-0.83510
-0.83486
-0.83461
-0.83437
-0.83413
-0.83389
-0.83365
-0.83342
-0.83320
-0.83298
-0.83278
-0.83259
-0.83241
-0.83225
-0.83211
-0.83199
-0.83190
-0.83183
-0.83180
-0.83181
-0.83185
-0.83194
-0.83208
-0.83227
-0.83252
-0.83284
-0.83323
-0.83371
-0.83427
-0.83493
-0.83570
-0.83659
-0.83761
-0.83877
-0.84009
-0.84158
-0.84327
-0.84515
-0.84726
-0.84961
-0.85222
-0.85512
-0.85831
-0.86184
-0.86570
-0.86994
-0.87457
-0.87961
-0.88508
-0.89100
-0.89739
-0.90426
-0.91164
-0.91952
-0.92792
-0.93685
-0.94631
-0.95631
-0.96684
-0.97790
-0.98949
-1.00159
-1.01421
-1.02732
-1.04092
-1.05500
-1.06953
-1.08451
-1.09992
-1.11573
-1.13194
-1.14853
-1.16547
-1.18275
-1.20036
-1.21828
-1.23648
-1.25497
-1.27370
-1.29269
-1.31190
-1.33132
-1.35094
-1.37075
-1.39073
-1.41087
-1.43116
-1.45158
-1.47213
-1.49279
-1.51355
-1.53441
-1.55534
-1.57635
-1.59742
-1.61854
-1.63971
-1.66091
-1.68214
-1.70339
-1.72465
-1.74591
-1.76716
-1.78839
-1.80960
-1.83077
-1.85191
-1.87299
-1.89401
-1.91495
-1.93582
-1.95660
-1.97727
-1.99783
-0.83664
-0.83722
-0.83775
-0.83822
-0.83864
-0.83902
-0.83935
-0.83965
-0.83992
-0.84015
-0.84036
-0.84054
-0.84070
-0.84084
-0.84096
-0.84107
-0.84116
-0.84123
-0.84129
-0.84135
-0.84139
-0.84142
-0.84144
-0.84146
-0.84147
-0.84147
-0.84147
-0.84145
-0.84144
-0.84142
-0.84139
-0.84136
-0.84132
-0.84128
-0.84123
-0.84118
-0.84112
-0.84106
-0.84100
-0.84093
-0.84085
-0.84077
-0.84069
-0.84060
-0.84051
-0.84041
-0.84031
-0.84020
-0.84009
-0.83997
-0.83985
-0.83972
-0.83958
-0.83944
-0.83930
-0.83914
-0.83899
-0.83882
-0.83865
-0.83847
-0.83829
-0.83809
-0.83790
-0.83769
-0.83748
-0.83726
-0.83703
-0.83679
-0.83655
-0.83630
-0.83604
-0.83577
-0.83550
-0.83522
-0.83493
-0.83464
-0.83433
-0.83402
-0.83371
-0.83339
-0.83306
-0.83273
-0.83239
-0.83205
-0.83171
-0.83137
-0.83102
-0.83068
-0.83034
-0.83000
-0.82966
-0.82934
-0.82902
-0.82872
-0.82843
-0.82815
-0.82790
-0.82767
-0.82747
-0.82729
-0.82715
-0.82705
-0.82699
-0.82697
-0.82701
-0.82711
-0.82727
-0.82751
-0.82782
-0.82821
-0.82871
-0.82930
-0.83001
-0.83085
-0.83182
-0.83295
-0.83424
-0.83571
-0.83737
-0.83925
-0.84135
-0.84371
-0.84633
-0.84924
-0.85247
-0.85602
-0.85992
-0.86420
-0.86886
-0.87394
-0.87945
-0.88541
-0.89184
-0.89874
-0.90613
-0.91402
-0.92241
-0.93132
-0.94074
-0.95068
-0.96113
-0.97208
-0.98353
-0.99548
-1.00790
-1.02079
-1.03414
-1.04792
-1.06213
-1.07675
-1.09176
-1.10714
-1.12288
-1.13896
-1.15535
-1.17205
-1.18903
-1.20629
-1.22379
-1.24152
-1.25948
-1.27764
-1.29598
-1.31449
-1.33317
-1.35198
-1.37092
-1.38998
-1.40913
-1.42838
-1.44770
-1.46708
-1.48650
-1.50597
-1.52545
-1.54494
-1.56443
-1.58390
-1.60334
-1.62274
-1.64208
-0.78747
-0.79118
-0.79476
-0.79821
-0.80152
-0.80467
-0.80765
-0.81048
-0.81313
-0.81562
-0.81794
-0.82010
-0.82210
-0.82395
-0.82565
-0.82721
-0.82864
-0.82994
-0.83113
-0.83221
-0.83318
-0.83406
-0.83486
-0.83557
-0.83621
-0.83678
-0.83730
-0.83775
-0.83816
-0.83852
-0.83884
-0.83912
-0.83936
-0.83957
-0.83976
-0.83992
-0.84005
-0.84017
-0.84026
-0.84034
-0.84040
-0.84044
-0.84047
-0.84049
-0.84050
-0.84049
-0.84048
-0.84045
-0.84042
-0.84038
-0.84033
-0.84027
-0.84020
-0.84013
-0.84005
-0.83996
-0.83986
-0.83976
-0.83965
-0.83953
-0.83941
-0.83928
-0.83914
-0.83899
-0.83884
-0.83868
-0.83851
-0.83833
-0.83815
-0.83795
-0.83775
-0.83754
-0.83732
-0.83709
-0.83686
-0.83661
-0.83636
-0.83609
-0.83582
-0.83553
-0.83524
-0.83493
-0.83461
-0.83429
-0.83395
-0.83361
-0.83325
-0.83288
-0.83250
-0.83211
-0.83171
-0.83130
-0.83088
-0.83046
-0.83002
-0.82957
-0.82912
-0.82866
-0.82819
-0.82772
-0.82724
-0.82677
-0.82629
-0.82581
-0.82533
-0.82486
-0.82439
-0.82393
-0.82348
-0.82305
-0.82264
-0.82224
-0.82187
-0.82153
-0.82122
-0.82095
-0.82072
-0.82053
-0.82040
-0.82032
-0.82031
-0.82037
-0.82050
-0.82073
-0.82104
-0.82146
-0.82199
-0.82264
-0.82343
-0.82436
-0.82546
-0.82673
-0.82819
-0.82985
-0.83173
-0.83386
-0.83624
-0.83889
-0.84184
-0.84510
-0.84870
-0.85264
-0.85696
-0.86166
-0.86677
-0.87229
-0.87825
-0.88464
-0.89150
-0.89881
-0.90659
-0.91484
-0.92356
-0.93275
-0.94240
-0.95252
-0.96308
-0.97409
-0.98553
-0.99738
-1.00964
-1.02229
-1.03532
-1.04870
-1.06242
-1.07646
-1.09081
-1.10544
-1.12034
-1.13548
-1.15086
-1.16645
-1.18222
-1.19817
-1.21428
-1.23052
-1.24687
-1.26332
-1.27985
-1.29644
-1.31307
-0.70808
-0.71022
-0.71253
-0.71500
-0.71763
-0.72043
-0.72339
-0.72652
-0.72980
-0.73323
-0.73679
-0.74048
-0.74428
-0.74818
-0.75215
-0.75618
-0.76026
-0.76435
-0.76844
-0.77250
-0.77653
-0.78049
-0.78437
-0.78815
-0.79182
-0.79536
-0.79876
-0.80201
-0.80510
-0.80803
-0.81080
-0.81339
-0.81582
-0.81808
-0.82018
-0.82212
-0.82391
-0.82556
-0.82706
-0.82844
-0.82969
-0.83082
-0.83185
-0.83277
-0.83360
-0.83435
-0.83502
-0.83561
-0.83614
-0.83661
-0.83702
-0.83738
-0.83769
-0.83796
-0.83819
-0.83839
-0.83855
-0.83869
-0.83879
-0.83888
-0.83894
-0.83898
-0.83899
-0.83900
-0.83898
-0.83895
-0.83890
-0.83884
-0.83877
-0.83868
-0.83858
-0.83847
-0.83834
-0.83821
-0.83806
-0.83791
-0.83774
-0.83756
-0.83737
-0.83717
-0.83696
-0.83674
-0.83650
-0.83626
-0.83600
-0.83573
-0.83545
-0.83516
-0.83486
-0.83454
-0.83421
-0.83387
-0.83351
-0.83314
-0.83275
-0.83236
-0.83194
-0.83152
-0.83108
-0.83062
-0.83015
-0.82966
-0.82916
-0.82865
-0.82812
-0.82757
-0.82701
-0.82644
-0.82585
-0.82525
-0.82464
-0.82402
-0.82338
-0.82274
-0.82209
-0.82142
-0.82076
-0.82009
-0.81941
-0.81874
-0.81807
-0.81740
-0.81674
-0.81608
-0.81544
-0.81482
-0.81422
-0.81364
-0.81309
-0.81257
-0.81209
-0.81164
-0.81125
-0.81091
-0.81062
-0.81040
-0.81024
-0.81016
-0.81017
-0.81027
-0.81047
-0.81078
-0.81120
-0.81176
-0.81246
-0.81331
-0.81433
-0.81552
-0.81691
-0.81850
-0.82032
-0.82238
-0.82469
-0.82727
-0.83015
-0.83332
-0.83681
-0.84064
-0.84481
-0.84935
-0.85426
-0.85954
-0.86522
-0.87129
-0.87777
-0.88464
-0.89191
-0.89958
-0.90764
-0.91608
-0.92490
-0.93408
-0.94361
-0.95348
-0.96366
-0.97415
-0.98492
-0.99594
-1.00721
-1.01870
-1.03038
-0.68818
-0.68845
-0.68874
-0.68907
-0.68943
-0.68984
-0.69029
-0.69079
-0.69135
-0.69197
-0.69266
-0.69342
-0.69427
-0.69520
-0.69623
-0.69736
-0.69859
-0.69995
-0.70144
-0.70305
-0.70481
-0.70672
-0.70878
-0.71100
-0.71338
-0.71592
-0.71863
-0.72151
-0.72455
-0.72774
-0.73109
-0.73458
-0.73820
-0.74193
-0.74577
-0.74970
-0.75369
-0.75774
-0.76181
-0.76589
-0.76996
-0.77399
-0.77797
-0.78188
-0.78569
-0.78940
-0.79299
-0.79644
-0.79974
-0.80289
-0.80588
-0.80871
-0.81136
-0.81385
-0.81616
-0.81831
-0.82031
-0.82214
-0.82382
-0.82536
-0.82677
-0.82804
-0.82919
-0.83023
-0.83117
-0.83200
-0.83275
-0.83340
-0.83399
-0.83450
-0.83494
-0.83532
-0.83565
-0.83593
-0.83616
-0.83635
-0.83649
-0.83660
-0.83668
-0.83673
-0.83674
-0.83673
-0.83670
-0.83664
-0.83656
-0.83646
-0.83633
-0.83619
-0.83603
-0.83585
-0.83566
-0.83544
-0.83522
-0.83497
-0.83471
-0.83443
-0.83413
-0.83382
-0.83349
-0.83315
-0.83279
-0.83241
-0.83201
-0.83159
-0.83116
-0.83071
-0.83024
-0.82975
-0.82925
-0.82872
-0.82817
-0.82760
-0.82701
-0.82640
-0.82577
-0.82512
-0.82444
-0.82375
-0.82303
-0.82229
-0.82153
-0.82074
-0.81994
-0.81911
-0.81827
-0.81740
-0.81651
-0.81560
-0.81468
-0.81374
-0.81278
-0.81181
-0.81082
-0.80982
-0.80881
-0.80780
-0.80677
-0.80574
-0.80471
-0.80368
-0.80265
-0.80163
-0.80061
-0.79960
-0.79861
-0.79763
-0.79667
-0.79572
-0.79481
-0.79391
-0.79305
-0.79222
-0.79143
-0.79068
-0.78998
-0.78933
-0.78874
-0.78822
-0.78777
-0.78741
-0.78714
-0.78698
-0.78693
-0.78702
-0.78725
-0.78765
-0.78822
-0.78898
-0.78996
-0.79116
-0.79259
-0.79429
-0.79624
-0.79848
-0.80100
-0.80381
-0.80692
-0.81033
-0.81403
-0.81803
-0.82232
-0.68581
-0.68583
-0.68585
-0.68588
-0.68591
-0.68595
-0.68599
-0.68603
-0.68609
-0.68615
-0.68622
-0.68630
-0.68638
-0.68648
-0.68659
-0.68672
-0.68686
-0.68702
-0.68720
-0.68739
-0.68762
-0.68787
-0.68814
-0.68846
-0.68880
-0.68919
-0.68962
-0.69010
-0.69064
-0.69124
-0.69190
-0.69263
-0.69344
-0.69433
-0.69532
-0.69641
-0.69760
-0.69891
-0.70034
-0.70191
-0.70361
-0.70546
-0.70745
-0.70961
-0.71192
-0.71440
-0.71704
-0.71985
-0.72282
-0.72595
-0.72924
-0.73266
-0.73622
-0.73991
-0.74369
-0.74758
-0.75153
-0.75554
-0.75958
-0.76364
-0.76768
-0.77171
-0.77568
-0.77958
-0.78340
-0.78712
-0.79071
-0.79418
-0.79750
-0.80066
-0.80367
-0.80651
-0.80918
-0.81168
-0.81400
-0.81616
-0.81816
-0.81999
-0.82168
-0.82321
-0.82460
-0.82586
-0.82699
-0.82800
-0.82890
-0.82970
-0.83040
-0.83101
-0.83154
-0.83199
-0.83237
-0.83268
-0.83294
-0.83314
-0.83328
-0.83338
-0.83343
-0.83344
-0.83341
-0.83335
-0.83325
-0.83312
-0.83295
-0.83276
-0.83254
-0.83229
-0.83201
-0.83171
-0.83138
-0.83103
-0.83066
-0.83025
-0.82983
-0.82937
-0.82890
-0.82839
-0.82787
-0.82731
-0.82673
-0.82612
-0.82549
-0.82482
-0.82413
-0.82341
-0.82265
-0.82187
-0.82106
-0.82021
-0.81933
-0.81841
-0.81746
-0.81648
-0.81545
-0.81440
-0.81330
-0.81217
-0.81099
-0.80978
-0.80852
-0.80723
-0.80589
-0.80451
-0.80309
-0.80162
-0.80010
-0.79854
-0.79694
-0.79528
-0.79357
-0.79182
-0.79001
-0.78815
-0.78623
-0.78426
-0.78222
-0.78013
-0.77797
-0.77574
-0.77344
-0.77107
-0.76863
-0.76612
-0.76352
-0.76085
-0.75809
-0.75526
-0.75235
-0.74937
-0.74632
-0.74319
-0.74001
-0.73678
-0.73351
-0.73021
-0.72689
-0.72356
-0.72024
-0.71695
-0.71370
-0.71050
-0.70738
-0.68515
-0.68514
-0.68513
-0.68512
-0.68511
-0.68510
-0.68509
-0.68508
-0.68508
-0.68507
-0.68507
-0.68506
-0.68506
-0.68506
-0.68506
-0.68507
-0.68507
-0.68508
-0.68509
-0.68510
-0.68511
-0.68513
-0.68515
-0.68518
-0.68521
-0.68525
-0.68529
-0.68534
-0.68539
-0.68546
-0.68553
-0.68561
-0.68570
-0.68580
-0.68592
-0.68605
-0.68620
-0.68637
-0.68656
-0.68677
-0.68701
-0.68727
-0.68757
-0.68790
-0.68827
-0.68869
-0.68915
-0.68966
-0.69023
-0.69087
-0.69157
-0.69235
-0.69322
-0.69417
-0.69522
-0.69638
-0.69765
-0.69904
-0.70056
-0.70221
-0.70401
-0.70595
-0.70805
-0.71031
-0.71273
-0.71531
-0.71806
-0.72097
-0.72404
-0.72726
-0.73063
-0.73413
-0.73775
-0.74149
-0.74531
-0.74922
-0.75318
-0.75718
-0.76119
-0.76520
-0.76919
-0.77313
-0.77701
-0.78080
-0.78449
-0.78806
-0.79150
-0.79480
-0.79794
-0.80093
-0.80374
-0.80638
-0.80885
-0.81115
-0.81328
-0.81523
-0.81702
-0.81866
-0.82013
-0.82147
-0.82266
-0.82372
-0.82466
-0.82548
-0.82619
-0.82679
-0.82731
-0.82773
-0.82807
-0.82833
-0.82851
-0.82863
-0.82869
-0.82869
-0.82863
-0.82851
-0.82835
-0.82814
-0.82789
-0.82759
-0.82724
-0.82686
-0.82644
-0.82597
-0.82547
-0.82493
-0.82435
-0.82373
-0.82307
-0.82237
-0.82163
-0.82085
-0.82002
-0.81916
-0.81824
-0.81728
-0.81627
-0.81521
-0.81410
-0.81294
-0.81172
-0.81044
-0.80911
-0.80770
-0.80624
-0.80470
-0.80309
-0.80141
-0.79964
-0.79780
-0.79586
-0.79384
-0.79172
-0.78950
-0.78717
-0.78472
-0.78216
-0.77948
-0.77666
-0.77371
-0.77061
-0.76735
-0.76393
-0.76035
-0.75658
-0.75263
-0.74849
-0.74414
-0.73958
-0.73481
-0.72981
-0.72458
-0.71912
-0.71342
-0.70748
-0.70129
-0.69486
-0.68818
-0.68125
-0.67409
-0.66668
-0.68475
-0.68472
-0.68468
-0.68464
-0.68461
-0.68457
-0.68454
-0.68451
-0.68447
-0.68444
-0.68441
-0.68438
-0.68435
-0.68433
-0.68430
-0.68427
-0.68425
-0.68423
-0.68420
-0.68418
-0.68416
-0.68414
-0.68412
-0.68410
-0.68409
-0.68407
-0.68406
-0.68404
-0.68403
-0.68402
-0.68401
-0.68400
-0.68399
-0.68399
-0.68399
-0.68399
-0.68399
-0.68399
-0.68400
-0.68401
-0.68403
-0.68405
-0.68407
-0.68410
-0.68413
-0.68417
-0.68422
-0.68427
-0.68434
-0.68441
-0.68449
-0.68459
-0.68469
-0.68481
-0.68495
-0.68511
-0.68528
-0.68548
-0.68570
-0.68595
-0.68623
-0.68654
-0.68690
-0.68729
-0.68773
-0.68822
-0.68876
-0.68937
-0.69005
-0.69080
-0.69162
-0.69254
-0.69355
-0.69467
-0.69589
-0.69724
-0.69870
-0.70030
-0.70205
-0.70393
-0.70597
-0.70816
-0.71052
-0.71304
-0.71571
-0.71855
-0.72155
-0.72470
-0.72799
-0.73142
-0.73498
-0.73864
-0.74239
-0.74623
-0.75012
-0.75405
-0.75800
-0.76195
-0.76588
-0.76976
-0.77357
-0.77731
-0.78094
-0.78445
-0.78783
-0.79107
-0.79415
-0.79707
-0.79982
-0.80239
-0.80478
-0.80700
-0.80904
-0.81091
-0.81260
-0.81413
-0.81550
-0.81671
-0.81778
-0.81871
-0.81950
-0.82017
-0.82072
-0.82116
-0.82149
-0.82172
-0.82186
-0.82190
-0.82186
-0.82174
-0.82154
-0.82127
-0.82093
-0.82052
-0.82004
-0.81949
-0.81888
-0.81821
-0.81746
-0.81666
-0.81579
-0.81485
-0.81384
-0.81276
-0.81161
-0.81038
-0.80908
-0.80769
-0.80622
-0.80465
-0.80299
-0.80123
-0.79937
-0.79739
-0.79529
-0.79307
-0.79071
-0.78822
-0.78557
-0.78276
-0.77978
-0.77661
-0.77326
-0.76970
-0.76593
-0.76192
-0.75768
-0.75317
-0.74840
-0.74334
-0.73799
-0.73232
-0.72633
-0.72001
-0.71333
-0.70629
-0.69888
-0.69108
-0.68289
-0.67430
-0.66530
-0.68472
-0.68468
-0.68464
-0.68459
-0.68455
-0.68450
-0.68445
-0.68439
-0.68434
-0.68429
-0.68423
-0.68417
-0.68411
-0.68405
-0.68399
-0.68392
-0.68386
-0.68380
-0.68373
-0.68367
-0.68361
-0.68355
-0.68348
-0.68342
-0.68336
-0.68330
-0.68325
-0.68319
-0.68314
-0.68308
-0.68303
-0.68298
-0.68293
-0.68289
-0.68284
-0.68280
-0.68276
-0.68272
-0.68269
-0.68265
-0.68262
-0.68258
-0.68255
-0.68252
-0.68250
-0.68247
-0.68245
-0.68243
-0.68241
-0.68239
-0.68237
-0.68236
-0.68235
-0.68234
-0.68233
-0.68233
-0.68233
-0.68233
-0.68234
-0.68235
-0.68237
-0.68239
-0.68242
-0.68245
-0.68250
-0.68254
-0.68260
-0.68267
-0.68275
-0.68284
-0.68295
-0.68307
-0.68321
-0.68336
-0.68354
-0.68374
-0.68397
-0.68422
-0.68451
-0.68484
-0.68520
-0.68561
-0.68607
-0.68658
-0.68715
-0.68778
-0.68849
-0.68927
-0.69014
-0.69110
-0.69215
-0.69332
-0.69460
-0.69600
-0.69753
-0.69920
-0.70101
-0.70296
-0.70507
-0.70734
-0.70976
-0.71235
-0.71509
-0.71799
-0.72104
-0.72423
-0.72756
-0.73101
-0.73457
-0.73822
-0.74195
-0.74575
-0.74957
-0.75342
-0.75727
-0.76109
-0.76487
-0.76859
-0.77222
-0.77575
-0.77916
-0.78243
-0.78556
-0.78852
-0.79132
-0.79394
-0.79638
-0.79864
-0.80070
-0.80258
-0.80428
-0.80580
-0.80713
-0.80830
-0.80929
-0.81013
-0.81080
-0.81133
-0.81171
-0.81195
-0.81206
-0.81204
-0.81189
-0.81163
-0.81124
-0.81074
-0.81013
-0.80940
-0.80856
-0.80761
-0.80654
-0.80535
-0.80405
-0.80263
-0.80107
-0.79939
-0.79757
-0.79560
-0.79348
-0.79120
-0.78875
-0.78611
-0.78329
-0.78025
-0.77700
-0.77352
-0.76979
-0.76579
-0.76151
-0.75694
-0.75204
-0.74682
-0.74124
-0.73528
-0.72893
-0.72217
-0.71499
-0.70735
-0.69924
-0.69066
-0.68157
-0.68466
-0.68463
-0.68460
-0.68456
-0.68452
-0.68449
-0.68445
-0.68441
-0.68436
-0.68432
-0.68427
-0.68422
-0.68417
-0.68412
-0.68406
-0.68401
-0.68395
-0.68389
-0.68382
-0.68375
-0.68368
-0.68361
-0.68353
-0.68345
-0.68337
-0.68329
-0.68320
-0.68311
-0.68302
-0.68293
-0.68283
-0.68273
-0.68263
-0.68253
-0.68243
-0.68233
-0.68223
-0.68213
-0.68202
-0.68192
-0.68182
-0.68172
-0.68162
-0.68153
-0.68143
-0.68134
-0.68125
-0.68116
-0.68108
-0.68100
-0.68092
-0.68084
-0.68077
-0.68070
-0.68063
-0.68056
-0.68050
-0.68044
-0.68039
-0.68033
-0.68028
-0.68024
-0.68019
-0.68015
-0.68011
-0.68007
-0.68004
-0.68000
-0.67997
-0.67995
-0.67992
-0.67990
-0.67988
-0.67987
-0.67986
-0.67986
-0.67985
-0.67986
-0.67987
-0.67988
-0.67991
-0.67994
-0.67997
-0.68002
-0.68008
-0.68015
-0.68023
-0.68032
-0.68043
-0.68056
-0.68071
-0.68088
-0.68107
-0.68129
-0.68154
-0.68182
-0.68214
-0.68251
-0.68291
-0.68337
-0.68389
-0.68446
-0.68510
-0.68582
-0.68661
-0.68750
-0.68847
-0.68955
-0.69074
-0.69204
-0.69347
-0.69503
-0.69673
-0.69856
-0.70055
-0.70269
-0.70498
-0.70743
-0.71003
-0.71278
-0.71568
-0.71872
-0.72189
-0.72519
-0.72859
-0.73208
-0.73565
-0.73928
-0.74294
-0.74663
-0.75031
-0.75396
-0.75757
-0.76111
-0.76457
-0.76791
-0.77113
-0.77421
-0.77713
-0.77988
-0.78245
-0.78483
-0.78701
-0.78898
-0.79075
-0.79232
-0.79367
-0.79481
-0.79575
-0.79648
-0.79700
-0.79733
-0.79745
-0.79738
-0.79711
-0.79665
-0.79599
-0.79514
-0.79410
-0.79285
-0.79141
-0.78976
-0.78789
-0.78581
-0.78349
-0.78094
-0.77813
-0.77507
-0.77172
-0.76808
-0.76413
-0.75985
-0.75521
-0.75021
-0.74482
-0.73901
-0.73277
-0.72607
-0.71888
-0.71118
-0.70295
-0.68464
-0.68462
-0.68459
-0.68457
-0.68454
-0.68452
-0.68449
-0.68446
-0.68442
-0.68439
-0.68435
-0.68432
-0.68428
-0.68423
-0.68419
-0.68414
-0.68409
-0.68404
-0.68399
-0.68393
-0.68387
-0.68381
-0.68375
-0.68368
-0.68361
-0.68354
-0.68346
-0.68338
-0.68330
-0.68322
-0.68313
-0.68304
-0.68295
-0.68285
-0.68275
-0.68264
-0.68254
-0.68243
-0.68231
-0.68219
-0.68207
-0.68194
-0.68181
-0.68168
-0.68154
-0.68140
-0.68125
-0.68111
-0.68096
-0.68081
-0.68065
-0.68050
-0.68034
-0.68018
-0.68002
-0.67986
-0.67970
-0.67955
-0.67939
-0.67924
-0.67908
-0.67893
-0.67879
-0.67864
-0.67851
-0.67837
-0.67824
-0.67811
-0.67799
-0.67787
-0.67776
-0.67765
-0.67754
-0.67745
-0.67735
-0.67726
-0.67717
-0.67709
-0.67701
-0.67694
-0.67687
-0.67680
-0.67674
-0.67668
-0.67662
-0.67657
-0.67652
-0.67647
-0.67643
-0.67639
-0.67636
-0.67633
-0.67631
-0.67629
-0.67627
-0.67626
-0.67626
-0.67627
-0.67628
-0.67630
-0.67634
-0.67638
-0.67644
-0.67651
-0.67659
-0.67669
-0.67681
-0.67696
-0.67712
-0.67731
-0.67754
-0.67779
-0.67809
-0.67842
-0.67880
-0.67923
-0.67972
-0.68027
-0.68088
-0.68157
-0.68234
-0.68319
-0.68414
-0.68519
-0.68635
-0.68763
-0.68902
-0.69055
-0.69220
-0.69400
-0.69594
-0.69803
-0.70026
-0.70264
-0.70516
-0.70782
-0.71062
-0.71354
-0.71658
-0.71971
-0.72294
-0.72623
-0.72958
-0.73295
-0.73634
-0.73971
-0.74305
-0.74634
-0.74954
-0.75264
-0.75561
-0.75843
-0.76109
-0.76357
-0.76584
-0.76790
-0.76972
-0.77131
-0.77264
-0.77370
-0.77450
-0.77502
-0.77525
-0.77519
-0.77483
-0.77416
-0.77318
-0.77189
-0.77026
-0.76830
-0.76599
-0.76332
-0.76028
-0.75684
-0.75300
-0.74874
-0.74403
-0.73886
-0.73320
-0.72703
-0.72033
-0.68436
-0.68435
-0.68434
-0.68433
-0.68432
-0.68431
-0.68430
-0.68428
-0.68427
-0.68425
-0.68424
-0.68422
-0.68420
-0.68417
-0.68415
-0.68412
-0.68410
-0.68407
-0.68404
-0.68400
-0.68397
-0.68393
-0.68389
-0.68385
-0.68380
-0.68375
-0.68370
-0.68365
-0.68359
-0.68353
-0.68347
-0.68340
-0.68333
-0.68326
-0.68318
-0.68309
-0.68301
-0.68292
-0.68282
-0.68272
-0.68262
-0.68251
-0.68240
-0.68228
-0.68216
-0.68203
-0.68190
-0.68176
-0.68162
-0.68147
-0.68132
-0.68117
-0.68100
-0.68084
-0.68067
-0.68049
-0.68031
-0.68012
-0.67992
-0.67973
-0.67952
-0.67932
-0.67910
-0.67889
-0.67867
-0.67844
-0.67822
-0.67798
-0.67775
-0.67752
-0.67728
-0.67704
-0.67680
-0.67657
-0.67633
-0.67610
-0.67587
-0.67564
-0.67541
-0.67519
-0.67498
-0.67477
-0.67456
-0.67436
-0.67417
-0.67399
-0.67381
-0.67364
-0.67347
-0.67331
-0.67316
-0.67302
-0.67288
-0.67274
-0.67262
-0.67249
-0.67238
-0.67227
-0.67216
-0.67206
-0.67196
-0.67187
-0.67178
-0.67170
-0.67162
-0.67155
-0.67148
-0.67141
-0.67135
-0.67129
-0.67124
-0.67120
-0.67116
-0.67113
-0.67111
-0.67110
-0.67109
-0.67110
-0.67112
-0.67115
-0.67120
-0.67127
-0.67136
-0.67146
-0.67160
-0.67176
-0.67195
-0.67218
-0.67244
-0.67275
-0.67310
-0.67350
-0.67397
-0.67449
-0.67509
-0.67575
-0.67650
-0.67734
-0.67827
-0.67931
-0.68045
-0.68170
-0.68307
-0.68456
-0.68617
-0.68792
-0.68979
-0.69179
-0.69392
-0.69617
-0.69853
-0.70100
-0.70356
-0.70621
-0.70892
-0.71167
-0.71446
-0.71725
-0.72001
-0.72274
-0.72539
-0.72795
-0.73038
-0.73266
-0.73475
-0.73663
-0.73828
-0.73966
-0.74075
-0.74152
-0.74195
-0.74202
-0.74170
-0.74096
-0.73979
-0.73817
-0.73607
-0.73347
-0.73035
-0.72668
-0.72245
-0.68368
-0.68368
-0.68369
-0.68369
-0.68369
-0.68370
-0.68370
-0.68370
-0.68370
-0.68370
-0.68370
-0.68369
-0.68369
-0.68369
-0.68368
-0.68368
-0.68367
-0.68366
-0.68365
-0.68364
-0.68363
-0.68361
-0.68360
-0.68358
-0.68356
-0.68354
-0.68352
-0.68349
-0.68346
-0.68343
-0.68340
-0.68337
-0.68333
-0.68329
-0.68325
-0.68320
-0.68316
-0.68310
-0.68305
-0.68299
-0.68293
-0.68286
-0.68279
-0.68271
-0.68263
-0.68255
-0.68246
-0.68236
-0.68226
-0.68216
-0.68205
-0.68193
-0.68181
-0.68168
-0.68154
-0.68140
-0.68125
-0.68109
-0.68093
-0.68076
-0.68058
-0.68040
-0.68021
-0.68001
-0.67980
-0.67959
-0.67937
-0.67914
-0.67891
-0.67866
-0.67841
-0.67815
-0.67789
-0.67762
-0.67734
-0.67705
-0.67676
-0.67646
-0.67615
-0.67584
-0.67552
-0.67519
-0.67487
-0.67453
-0.67419
-0.67385
-0.67351
-0.67317
-0.67282
-0.67248
-0.67214
-0.67179
-0.67146
-0.67112
-0.67079
-0.67047
-0.67015
-0.66984
-0.66953
-0.66924
-0.66895
-0.66868
-0.66841
-0.66815
-0.66790
-0.66766
-0.66743
-0.66721
-0.66699
-0.66679
-0.66659
-0.66640
-0.66622
-0.66604
-0.66587
-0.66570
-0.66555
-0.66539
-0.66524
-0.66510
-0.66496
-0.66483
-0.66470
-0.66457
-0.66445
-0.66433
-0.66422
-0.66412
-0.66402
-0.66392
-0.66384
-0.66376
-0.66369
-0.66363
-0.66358
-0.66355
-0.66353
-0.66352
-0.66353
-0.66357
-0.66362
-0.66371
-0.66382
-0.66396
-0.66414
-0.66436
-0.66463
-0.66494
-0.66530
-0.66572
-0.66621
-0.66676
-0.66738
-0.66808
-0.66886
-0.66972
-0.67067
-0.67171
-0.67283
-0.67404
-0.67534
-0.67671
-0.67816
-0.67967
-0.68123
-0.68283
-0.68445
-0.68607
-0.68767
-0.68922
-0.69070
-0.69207
-0.69331
-0.69437
-0.69523
-0.69584
-0.69616
-0.69616
-0.69580
-0.69502
-0.69380
-0.68250
-0.68251
-0.68253
-0.68254
-0.68255
-0.68256
-0.68257
-0.68259
-0.68260
-0.68261
-0.68262
-0.68264
-0.68265
-0.68266
-0.68267
-0.68268
-0.68269
-0.68270
-0.68270
-0.68271
-0.68272
-0.68272
-0.68273
-0.68273
-0.68273
-0.68273
-0.68273
-0.68273
-0.68273
-0.68272
-0.68272
-0.68271
-0.68270
-0.68269
-0.68267
-0.68266
-0.68264
-0.68262
-0.68260
-0.68258
-0.68255
-0.68253
-0.68249
-0.68246
-0.68242
-0.68238
-0.68234
-0.68229
-0.68224
-0.68219
-0.68213
-0.68206
-0.68199
-0.68192
-0.68184
-0.68176
-0.68167
-0.68158
-0.68148
-0.68137
-0.68126
-0.68114
-0.68101
-0.68088
-0.68073
-0.68058
-0.68043
-0.68026
-0.68009
-0.67990
-0.67971
-0.67951
-0.67930
-0.67908
-0.67885
-0.67860
-0.67835
-0.67809
-0.67782
-0.67754
-0.67724
-0.67694
-0.67662
-0.67630
-0.67596
-0.67561
-0.67526
-0.67489
-0.67451
-0.67412
-0.67372
-0.67331
-0.67290
-0.67247
-0.67203
-0.67159
-0.67113
-0.67067
-0.67021
-0.66973
-0.66926
-0.66877
-0.66829
-0.66780
-0.66731
-0.66682
-0.66633
-0.66585
-0.66537
-0.66489
-0.66442
-0.66396
-0.66351
-0.66306
-0.66263
-0.66220
-0.66179
-0.66139
-0.66100
-0.66062
-0.66026
-0.65990
-0.65956
-0.65923
-0.65891
-0.65860
-0.65829
-0.65800
-0.65772
-0.65744
-0.65717
-0.65690
-0.65664
-0.65639
-0.65614
-0.65589
-0.65565
-0.65541
-0.65517
-0.65493
-0.65470
-0.65447
-0.65423
-0.65400
-0.65377
-0.65354
-0.65331
-0.65308
-0.65285
-0.65262
-0.65239
-0.65217
-0.65195
-0.65173
-0.65151
-0.65130
-0.65109
-0.65090
-0.65070
-0.65052
-0.65035
-0.65019
-0.65003
-0.64989
-0.64977
-0.64965
-0.64955
-0.64945
-0.64937
-0.64928
-0.64919
-0.64909
-0.64898
-0.64884
-0.64865
-0.64841
-0.64809
-0.64768
-0.64715
-0.64647
-0.64562
-0.68124
-0.68124
-0.68124
-0.68124
-0.68123
-0.68123
-0.68123
-0.68122
-0.68122
-0.68122
-0.68122
-0.68122
-0.68121
-0.68122
-0.68122
-0.68122
-0.68122
-0.68122
-0.68123
-0.68123
-0.68124
-0.68125
-0.68126
-0.68126
-0.68127
-0.68128
-0.68129
-0.68130
-0.68131
-0.68132
-0.68133
-0.68133
-0.68134
-0.68135
-0.68136
-0.68137
-0.68137
-0.68138
-0.68138
-0.68138
-0.68139
-0.68139
-0.68138
-0.68138
-0.68138
-0.68137
-0.68136
-0.68135
-0.68134
-0.68132
-0.68130
-0.68128
-0.68126
-0.68123
-0.68120
-0.68116
-0.68113
-0.68109
-0.68104
-0.68099
-0.68094
-0.68088
-0.68082
-0.68075
-0.68067
-0.68059
-0.68051
-0.68042
-0.68032
-0.68021
-0.68010
-0.67998
-0.67986
-0.67972
-0.67958
-0.67942
-0.67926
-0.67909
-0.67891
-0.67872
-0.67852
-0.67830
-0.67808
-0.67784
-0.67759
-0.67733
-0.67706
-0.67677
-0.67647
-0.67616
-0.67583
-0.67549
-0.67513
-0.67476
-0.67438
-0.67398
-0.67356
-0.67313
-0.67269
-0.67223
-0.67175
-0.67126
-0.67076
-0.67024
-0.66970
-0.66915
-0.66859
-0.66801
-0.66742
-0.66682
-0.66620
-0.66558
-0.66494
-0.66429
-0.66363
-0.66297
-0.66230
-0.66162
-0.66094
-0.66026
-0.65957
-0.65889
-0.65820
-0.65753
-0.65685
-0.65618
-0.65553
-0.65488
-0.65424
-0.65361
-0.65300
-0.65240
-0.65181
-0.65124
-0.65068
-0.65013
-0.64960
-0.64908
-0.64858
-0.64808
-0.64760
-0.64713
-0.64666
-0.64620
-0.64575
-0.64530
-0.64486
-0.64441
-0.64397
-0.64352
-0.64307
-0.64261
-0.64214
-0.64167
-0.64118
-0.64068
-0.64016
-0.63962
-0.63906
-0.63848
-0.63787
-0.63722
-0.63655
-0.63584
-0.63508
-0.63429
-0.63344
-0.63254
-0.63159
-0.63057
-0.62948
-0.62832
-0.62707
-0.62574
-0.62431
-0.62278
-0.62113
-0.61936
-0.61745
-0.61539
-0.61318
-0.67697
-0.67735
-0.67769
-0.67799
-0.67825
-0.67848
-0.67869
-0.67886
-0.67902
-0.67915
-0.67926
-0.67936
-0.67944
-0.67950
-0.67956
-0.67960
-0.67964
-0.67967
-0.67969
-0.67970
-0.67971
-0.67971
-0.67971
-0.67971
-0.67970
-0.67969
-0.67968
-0.67967
-0.67966
-0.67965
-0.67964
-0.67963
-0.67961
-0.67960
-0.67960
-0.67959
-0.67958
-0.67957
-0.67957
-0.67956
-0.67956
-0.67956
-0.67955
-0.67955
-0.67955
-0.67955
-0.67955
-0.67955
-0.67956
-0.67956
-0.67956
-0.67956
-0.67956
-0.67956
-0.67956
-0.67955
-0.67955
-0.67954
-0.67953
-0.67952
-0.67951
-0.67950
-0.67948
-0.67946
-0.67944
-0.67941
-0.67938
-0.67934
-0.67930
-0.67926
-0.67921
-0.67916
-0.67910
-0.67904
-0.67897
-0.67890
-0.67882
-0.67873
-0.67863
-0.67853
-0.67842
-0.67830
-0.67818
-0.67804
-0.67789
-0.67774
-0.67758
-0.67740
-0.67721
-0.67702
-0.67681
-0.67658
-0.67635
-0.67610
-0.67584
-0.67556
-0.67527
-0.67496
-0.67464
-0.67430
-0.67394
-0.67357
-0.67318
-0.67277
-0.67234
-0.67189
-0.67143
-0.67094
-0.67043
-0.66991
-0.66936
-0.66879
-0.66820
-0.66759
-0.66696
-0.66631
-0.66564
-0.66494
-0.66423
-0.66349
-0.66273
-0.66195
-0.66116
-0.66034
-0.65950
-0.65865
-0.65778
-0.65690
-0.65600
-0.65509
-0.65416
-0.65323
-0.65229
-0.65134
-0.65038
-0.64942
-0.64847
-0.64751
-0.64655
-0.64560
-0.64466
-0.64373
-0.64281
-0.64189
-0.64100
-0.64011
-0.63924
-0.63838
-0.63754
-0.63671
-0.63590
-0.63509
-0.63430
-0.63351
-0.63273
-0.63195
-0.63117
-0.63038
-0.62959
-0.62879
-0.62797
-0.62714
-0.62627
-0.62538
-0.62446
-0.62349
-0.62247
-0.62140
-0.62027
-0.61907
-0.61779
-0.61642
-0.61495
-0.61338
-0.61169
-0.60986
-0.60790
-0.60577
-0.60348
-0.60100
-0.59831
-0.64156
-0.64426
-0.64686
-0.64935
-0.65172
-0.65397
-0.65609
-0.65808
-0.65995
-0.66168
-0.66329
-0.66478
-0.66616
-0.66741
-0.66856
-0.66961
-0.67056
-0.67143
-0.67220
-0.67290
-0.67353
-0.67409
-0.67459
-0.67504
-0.67543
-0.67578
-0.67608
-0.67635
-0.67658
-0.67678
-0.67695
-0.67710
-0.67722
-0.67733
-0.67741
-0.67748
-0.67754
-0.67758
-0.67761
-0.67763
-0.67764
-0.67765
-0.67765
-0.67764
-0.67763
-0.67761
-0.67759
-0.67757
-0.67755
-0.67753
-0.67750
-0.67748
-0.67745
-0.67743
-0.67740
-0.67738
-0.67735
-0.67733
-0.67731
-0.67729
-0.67727
-0.67725
-0.67724
-0.67722
-0.67720
-0.67719
-0.67717
-0.67716
-0.67714
-0.67713
-0.67711
-0.67709
-0.67707
-0.67705
-0.67702
-0.67700
-0.67697
-0.67693
-0.67690
-0.67686
-0.67681
-0.67676
-0.67671
-0.67665
-0.67658
-0.67651
-0.67643
-0.67634
-0.67625
-0.67615
-0.67604
-0.67592
-0.67579
-0.67566
-0.67551
-0.67535
-0.67518
-0.67500
-0.67481
-0.67460
-0.67438
-0.67415
-0.67390
-0.67364
-0.67336
-0.67307
-0.67276
-0.67243
-0.67208
-0.67171
-0.67133
-0.67092
-0.67049
-0.67004
-0.66957
-0.66908
-0.66856
-0.66801
-0.66745
-0.66685
-0.66623
-0.66559
-0.66491
-0.66421
-0.66348
-0.66272
-0.66193
-0.66111
-0.66026
-0.65938
-0.65847
-0.65753
-0.65656
-0.65556
-0.65453
-0.65347
-0.65238
-0.65126
-0.65012
-0.64895
-0.64775
-0.64653
-0.64529
-0.64402
-0.64274
-0.64144
-0.64013
-0.63880
-0.63746
-0.63612
-0.63477
-0.63341
-0.63206
-0.63071
-0.62935
-0.62801
-0.62667
-0.62533
-0.62400
-0.62268
-0.62137
-0.62005
-0.61874
-0.61743
-0.61611
-0.61478
-0.61343
-0.61207
-0.61067
-0.60924
-0.60777
-0.60624
-0.60465
-0.60298
-0.60123
-0.59938
-0.59742
-0.59533
-0.59310
-0.59070
-0.58813
-0.58269
-0.58426
-0.58595
-0.58777
-0.58971
-0.59178
-0.59397
-0.59629
-0.59872
-0.60126
-0.60390
-0.60664
-0.60946
-0.61234
-0.61528
-0.61826
-0.62126
-0.62427
-0.62727
-0.63024
-0.63316
-0.63603
-0.63882
-0.64153
-0.64414
-0.64665
-0.64904
-0.65131
-0.65346
-0.65548
-0.65737
-0.65913
-0.66076
-0.66227
-0.66366
-0.66494
-0.66610
-0.66716
-0.66812
-0.66899
-0.66977
-0.67047
-0.67110
-0.67166
-0.67215
-0.67259
-0.67297
-0.67330
-0.67359
-0.67385
-0.67406
-0.67424
-0.67440
-0.67452
-0.67463
-0.67471
-0.67477
-0.67482
-0.67485
-0.67487
-0.67487
-0.67487
-0.67486
-0.67484
-0.67481
-0.67478
-0.67475
-0.67471
-0.67467
-0.67462
-0.67458
-0.67453
-0.67448
-0.67444
-0.67439
-0.67434
-0.67430
-0.67425
-0.67421
-0.67416
-0.67412
-0.67407
-0.67403
-0.67399
-0.67394
-0.67390
-0.67385
-0.67380
-0.67375
-0.67370
-0.67365
-0.67359
-0.67352
-0.67346
-0.67338
-0.67330
-0.67322
-0.67313
-0.67303
-0.67292
-0.67281
-0.67268
-0.67255
-0.67240
-0.67225
-0.67208
-0.67190
-0.67171
-0.67151
-0.67129
-0.67105
-0.67080
-0.67054
-0.67026
-0.66996
-0.66964
-0.66930
-0.66894
-0.66856
-0.66816
-0.66773
-0.66728
-0.66681
-0.66631
-0.66578
-0.66523
-0.66465
-0.66404
-0.66340
-0.66272
-0.66202
-0.66128
-0.66050
-0.65969
-0.65885
-0.65796
-0.65704
-0.65607
-0.65507
-0.65402
-0.65293
-0.65180
-0.65062
-0.64940
-0.64814
-0.64683
-0.64548
-0.64409
-0.64265
-0.64117
-0.63964
-0.63808
-0.63648
-0.63483
-0.63316
-0.63144
-0.62969
-0.62791
-0.62610
-0.62427
-0.62240
-0.62052
-0.61861
-0.61668
-0.61473
-0.61276
-0.61077
-0.60876
-0.60674
-0.60469
-0.60262
-0.60053
-0.59840
-0.59623
-0.59403
-0.59176
-0.58944
-0.58705
-0.58457
-0.58199
-0.57929
-0.56786
-0.56803
-0.56823
-0.56845
-0.56870
-0.56898
-0.56929
-0.56964
-0.57004
-0.57047
-0.57096
-0.57150
-0.57211
-0.57278
-0.57351
-0.57433
-0.57523
-0.57621
-0.57730
-0.57848
-0.57977
-0.58116
-0.58268
-0.58431
-0.58607
-0.58795
-0.58996
-0.59209
-0.59434
-0.59671
-0.59919
-0.60177
-0.60444
-0.60720
-0.61003
-0.61292
-0.61585
-0.61880
-0.62176
-0.62472
-0.62765
-0.63054
-0.63338
-0.63614
-0.63883
-0.64141
-0.64390
-0.64627
-0.64852
-0.65065
-0.65265
-0.65452
-0.65627
-0.65788
-0.65937
-0.66075
-0.66200
-0.66314
-0.66418
-0.66511
-0.66596
-0.66671
-0.66738
-0.66798
-0.66851
-0.66897
-0.66937
-0.66972
-0.67002
-0.67028
-0.67050
-0.67067
-0.67082
-0.67094
-0.67103
-0.67109
-0.67114
-0.67117
-0.67117
-0.67117
-0.67115
-0.67112
-0.67108
-0.67103
-0.67098
-0.67092
-0.67085
-0.67078
-0.67070
-0.67063
-0.67055
-0.67047
-0.67038
-0.67030
-0.67022
-0.67014
-0.67005
-0.66997
-0.66988
-0.66979
-0.66970
-0.66961
-0.66952
-0.66942
-0.66932
-0.66922
-0.66911
-0.66899
-0.66887
-0.66874
-0.66861
-0.66846
-0.66830
-0.66814
-0.66796
-0.66777
-0.66757
-0.66736
-0.66713
-0.66688
-0.66662
-0.66634
-0.66605
-0.66573
-0.66539
-0.66503
-0.66465
-0.66425
-0.66382
-0.66337
-0.66289
-0.66238
-0.66184
-0.66127
-0.66067
-0.66003
-0.65936
-0.65866
-0.65791
-0.65713
-0.65630
-0.65544
-0.65452
-0.65357
-0.65256
-0.65151
-0.65040
-0.64924
-0.64803
-0.64676
-0.64543
-0.64405
-0.64261
-0.64110
-0.63954
-0.63791
-0.63622
-0.63447
-0.63266
-0.63078
-0.62884
-0.62684
-0.62477
-0.62265
-0.62046
-0.61821
-0.61590
-0.61354
-0.61111
-0.60862
-0.60607
-0.60347
-0.60080
-0.59806
-0.59527
-0.59240
-0.58946
-0.58645
-0.58336
-0.58019
-0.57692
-0.56601
-0.56599
-0.56597
-0.56596
-0.56596
-0.56595
-0.56596
-0.56596
-0.56598
-0.56600
-0.56602
-0.56605
-0.56609
-0.56614
-0.56620
-0.56627
-0.56635
-0.56644
-0.56655
-0.56667
-0.56681
-0.56697
-0.56715
-0.56735
-0.56758
-0.56784
-0.56814
-0.56847
-0.56883
-0.56925
-0.56971
-0.57022
-0.57079
-0.57143
-0.57214
-0.57292
-0.57378
-0.57472
-0.57576
-0.57690
-0.57814
-0.57949
-0.58096
-0.58254
-0.58424
-0.58607
-0.58802
-0.59009
-0.59228
-0.59458
-0.59700
-0.59952
-0.60213
-0.60482
-0.60759
-0.61041
-0.61328
-0.61617
-0.61907
-0.62196
-0.62483
-0.62766
-0.63043
-0.63314
-0.63577
-0.63830
-0.64072
-0.64304
-0.64523
-0.64731
-0.64925
-0.65107
-0.65276
-0.65432
-0.65575
-0.65707
-0.65827
-0.65935
-0.66033
-0.66121
-0.66200
-0.66270
-0.66331
-0.66385
-0.66432
-0.66473
-0.66508
-0.66537
-0.66562
-0.66582
-0.66598
-0.66610
-0.66619
-0.66625
-0.66629
-0.66630
-0.66629
-0.66626
-0.66621
-0.66615
-0.66608
-0.66600
-0.66590
-0.66580
-0.66569
-0.66558
-0.66546
-0.66533
-0.66520
-0.66507
-0.66493
-0.66479
-0.66465
-0.66450
-0.66435
-0.66419
-0.66403
-0.66387
-0.66370
-0.66352
-0.66334
-0.66315
-0.66295
-0.66274
-0.66251
-0.66228
-0.66203
-0.66177
-0.66149
-0.66119
-0.66088
-0.66055
-0.66020
-0.65982
-0.65942
-0.65900
-0.65855
-0.65807
-0.65756
-0.65703
-0.65646
-0.65585
-0.65521
-0.65453
-0.65381
-0.65305
-0.65224
-0.65139
-0.65049
-0.64953
-0.64853
-0.64747
-0.64635
-0.64517
-0.64392
-0.64262
-0.64124
-0.63980
-0.63828
-0.63669
-0.63502
-0.63328
-0.63146
-0.62955
-0.62757
-0.62550
-0.62334
-0.62110
-0.61877
-0.61635
-0.61384
-0.61124
-0.60854
-0.60575
-0.60286
-0.59987
-0.59677
-0.59356
-0.59024
-0.58681
-0.58324
-0.56578
-0.56575
-0.56571
-0.56566
-0.56562
-0.56558
-0.56553
-0.56548
-0.56544
-0.56539
-0.56534
-0.56529
-0.56525
-0.56520
-0.56515
-0.56511
-0.56507
-0.56503
-0.56499
-0.56496
-0.56493
-0.56490
-0.56488
-0.56486
-0.56484
-0.56483
-0.56483
-0.56482
-0.56483
-0.56484
-0.56486
-0.56489
-0.56492
-0.56496
-0.56502
-0.56508
-0.56516
-0.56524
-0.56535
-0.56547
-0.56561
-0.56577
-0.56595
-0.56616
-0.56639
-0.56666
-0.56696
-0.56730
-0.56769
-0.56812
-0.56860
-0.56913
-0.56973
-0.57040
-0.57114
-0.57196
-0.57286
-0.57385
-0.57494
-0.57613
-0.57743
-0.57883
-0.58036
-0.58200
-0.58376
-0.58564
-0.58765
-0.58977
-0.59200
-0.59435
-0.59679
-0.59932
-0.60194
-0.60462
-0.60736
-0.61014
-0.61295
-0.61576
-0.61857
-0.62135
-0.62409
-0.62678
-0.62939
-0.63193
-0.63437
-0.63670
-0.63893
-0.64103
-0.64301
-0.64486
-0.64659
-0.64819
-0.64966
-0.65100
-0.65223
-0.65334
-0.65434
-0.65523
-0.65602
-0.65672
-0.65734
-0.65787
-0.65832
-0.65871
-0.65903
-0.65930
-0.65951
-0.65967
-0.65979
-0.65987
-0.65991
-0.65992
-0.65991
-0.65986
-0.65979
-0.65970
-0.65960
-0.65947
-0.65933
-0.65918
-0.65901
-0.65883
-0.65864
-0.65845
-0.65824
-0.65803
-0.65781
-0.65757
-0.65734
-0.65709
-0.65683
-0.65656
-0.65629
-0.65600
-0.65570
-0.65538
-0.65505
-0.65471
-0.65434
-0.65396
-0.65356
-0.65313
-0.65268
-0.65220
-0.65170
-0.65116
-0.65059
-0.64999
-0.64935
-0.64867
-0.64794
-0.64718
-0.64636
-0.64550
-0.64458
-0.64361
-0.64258
-0.64149
-0.64033
-0.63910
-0.63780
-0.63643
-0.63498
-0.63345
-0.63184
-0.63014
-0.62835
-0.62647
-0.62449
-0.62242
-0.62024
-0.61797
-0.61558
-0.61309
-0.61049
-0.60778
-0.60494
-0.60199
-0.59891
-0.59569
-0.59234
-0.56474
-0.56473
-0.56472
-0.56471
-0.56470
-0.56468
-0.56467
-0.56465
-0.56464
-0.56462
-0.56460
-0.56458
-0.56456
-0.56454
-0.56451
-0.56449
-0.56446
-0.56443
-0.56440
-0.56437
-0.56433
-0.56430
-0.56426
-0.56422
-0.56418
-0.56413
-0.56409
-0.56404
-0.56400
-0.56395
-0.56390
-0.56385
-0.56380
-0.56375
-0.56370
-0.56366
-0.56361
-0.56356
-0.56352
-0.56348
-0.56345
-0.56341
-0.56338
-0.56336
-0.56334
-0.56332
-0.56331
-0.56330
-0.56330
-0.56331
-0.56332
-0.56335
-0.56338
-0.56342
-0.56347
-0.56354
-0.56362
-0.56371
-0.56382
-0.56395
-0.56411
-0.56428
-0.56449
-0.56472
-0.56498
-0.56529
-0.56563
-0.56602
-0.56645
-0.56694
-0.56749
-0.56811
-0.56879
-0.56955
-0.57040
-0.57133
-0.57235
-0.57347
-0.57470
-0.57603
-0.57748
-0.57904
-0.58072
-0.58252
-0.58444
-0.58647
-0.58861
-0.59085
-0.59320
-0.59563
-0.59814
-0.60072
-0.60335
-0.60602
-0.60871
-0.61140
-0.61409
-0.61675
-0.61937
-0.62194
-0.62443
-0.62684
-0.62915
-0.63136
-0.63346
-0.63543
-0.63729
-0.63901
-0.64061
-0.64208
-0.64343
-0.64465
-0.64575
-0.64673
-0.64761
-0.64838
-0.64905
-0.64963
-0.65012
-0.65053
-0.65087
-0.65114
-0.65135
-0.65149
-0.65159
-0.65164
-0.65164
-0.65160
-0.65153
-0.65142
-0.65129
-0.65112
-0.65093
-0.65072
-0.65048
-0.65023
-0.64995
-0.64966
-0.64935
-0.64902
-0.64868
-0.64832
-0.64794
-0.64754
-0.64713
-0.64669
-0.64624
-0.64576
-0.64526
-0.64473
-0.64418
-0.64360
-0.64298
-0.64233
-0.64164
-0.64091
-0.64014
-0.63932
-0.63845
-0.63752
-0.63654
-0.63550
-0.63439
-0.63321
-0.63196
-0.63063
-0.62923
-0.62773
-0.62615
-0.62447
-0.62270
-0.62083
-0.61885
-0.61677
-0.61457
-0.61226
-0.60983
-0.60728
-0.60460
-0.60180
-0.59886
-0.56322
-0.56320
-0.56319
-0.56317
-0.56315
-0.56314
-0.56312
-0.56311
-0.56309
-0.56308
-0.56306
-0.56305
-0.56303
-0.56302
-0.56301
-0.56299
-0.56298
-0.56296
-0.56295
-0.56293
-0.56291
-0.56289
-0.56288
-0.56286
-0.56284
-0.56282
-0.56280
-0.56277
-0.56275
-0.56273
-0.56270
-0.56268
-0.56265
-0.56262
-0.56259
-0.56256
-0.56253
-0.56250
-0.56247
-0.56243
-0.56239
-0.56235
-0.56231
-0.56227
-0.56222
-0.56218
-0.56213
-0.56208
-0.56203
-0.56198
-0.56192
-0.56187
-0.56181
-0.56176
-0.56171
-0.56165
-0.56160
-0.56155
-0.56150
-0.56146
-0.56142
-0.56137
-0.56134
-0.56131
-0.56128
-0.56125
-0.56124
-0.56123
-0.56122
-0.56122
-0.56124
-0.56126
-0.56129
-0.56134
-0.56139
-0.56147
-0.56156
-0.56167
-0.56180
-0.56196
-0.56214
-0.56236
-0.56261
-0.56289
-0.56322
-0.56359
-0.56402
-0.56450
-0.56504
-0.56565
-0.56633
-0.56709
-0.56794
-0.56887
-0.56990
-0.57103
-0.57226
-0.57360
-0.57506
-0.57662
-0.57830
-0.58010
-0.58200
-0.58401
-0.58613
-0.58833
-0.59063
-0.59300
-0.59543
-0.59791
-0.60043
-0.60297
-0.60551
-0.60804
-0.61054
-0.61300
-0.61540
-0.61773
-0.61997
-0.62212
-0.62416
-0.62609
-0.62790
-0.62958
-0.63114
-0.63256
-0.63386
-0.63504
-0.63609
-0.63702
-0.63783
-0.63854
-0.63914
-0.63964
-0.64005
-0.64037
-0.64062
-0.64078
-0.64088
-0.64092
-0.64089
-0.64082
-0.64069
-0.64051
-0.64029
-0.64003
-0.63973
-0.63939
-0.63902
-0.63862
-0.63818
-0.63771
-0.63720
-0.63667
-0.63610
-0.63550
-0.63486
-0.63419
-0.63348
-0.63273
-0.63194
-0.63110
-0.63021
-0.62927
-0.62827
-0.62721
-0.62609
-0.62490
-0.62364
-0.62229
-0.62087
-0.61935
-0.61774
-0.61603
-0.61423
-0.61231
-0.61028
-0.60813
-0.60586
-0.60347
-0.60094
