# TOPS/ATOMIC gray means, mixture: 6.95909e-01 h 3.01828e-01 he 5.54791e-04 c 1.39357e-04 n 1.13274e-03 o 2.01432e-04 ne 3.58203e-06 na 6.36985e-05 mg 4.94458e-06 al 5.94470e-05 si 4.72204e-07 p 3.58203e-05 s 5.29822e-07 cl 4.20851e-06 ar 2.20866e-07 k 3.83822e-06 ca 1.75440e-07 ti 7.83664e-07 cr 4.11273e-07 mn 5.29822e-05 fe 1.39357e-07 co 2.97940e-06 ni
# T[keV] rho[g/cc] kappa_R[cm2/g] kappa_P[cm2/g]
5.000000e-04 1.000000e-21 1.498900e-01 8.099000e+01
5.000000e-04 1.584900e-21 1.498900e-01 8.099000e+01
5.000000e-04 2.511900e-21 1.498900e-01 8.099000e+01
5.000000e-04 3.981100e-21 1.498900e-01 8.099000e+01
5.000000e-04 6.309600e-21 1.498900e-01 8.099000e+01
5.000000e-04 1.000000e-20 1.498900e-01 8.099000e+01
5.000000e-04 1.584900e-20 1.498900e-01 8.099000e+01
5.000000e-04 2.511900e-20 1.498900e-01 8.099000e+01
5.000000e-04 3.981100e-20 1.498900e-01 8.099000e+01
5.000000e-04 6.309600e-20 1.498900e-01 8.099000e+01
5.000000e-04 1.000000e-19 1.498900e-01 8.099000e+01
5.000000e-04 1.584900e-19 1.498900e-01 8.099000e+01
5.000000e-04 2.511900e-19 1.498900e-01 8.099000e+01
5.000000e-04 3.981100e-19 1.498900e-01 8.099000e+01
5.000000e-04 6.309600e-19 1.498900e-01 8.099000e+01
5.000000e-04 1.000000e-18 1.498900e-01 8.099000e+01
5.000000e-04 1.584900e-18 1.498900e-01 8.099000e+01
5.000000e-04 2.511900e-18 1.498900e-01 8.099000e+01
5.000000e-04 3.981100e-18 1.498900e-01 8.099000e+01
5.000000e-04 6.309600e-18 1.498900e-01 8.099000e+01
5.000000e-04 1.000000e-17 1.498900e-01 8.099000e+01
5.000000e-04 1.584900e-17 1.498900e-01 8.099000e+01
5.000000e-04 2.511900e-17 1.498900e-01 8.099000e+01
5.000000e-04 3.981100e-17 1.498900e-01 8.099000e+01
5.000000e-04 6.309600e-17 1.498900e-01 8.099000e+01
5.000000e-04 1.000000e-16 1.498900e-01 8.099000e+01
5.000000e-04 1.584900e-16 1.498900e-01 8.099000e+01
5.000000e-04 2.511900e-16 1.498900e-01 8.099000e+01
5.000000e-04 3.981100e-16 1.494500e-01 8.289800e+01
5.000000e-04 6.309600e-16 1.464900e-01 9.354100e+01
5.000000e-04 1.000000e-15 1.415500e-01 1.104100e+02
5.000000e-04 1.584900e-15 1.361200e-01 1.259000e+02
5.000000e-04 2.511900e-15 1.278600e-01 1.491100e+02
5.000000e-04 3.981100e-15 1.180500e-01 1.706200e+02
5.000000e-04 6.309600e-15 1.099100e-01 1.713900e+02
5.000000e-04 1.000000e-14 9.693000e-02 1.726000e+02
6.000000e-04 1.000000e-21 1.530300e-01 9.054600e+00
6.000000e-04 1.584900e-21 1.530300e-01 9.054600e+00
6.000000e-04 2.511900e-21 1.530300e-01 9.054600e+00
6.000000e-04 3.981100e-21 1.530300e-01 9.054600e+00
6.000000e-04 6.309600e-21 1.530300e-01 9.054600e+00
6.000000e-04 1.000000e-20 1.530300e-01 9.054600e+00
6.000000e-04 1.584900e-20 1.530300e-01 9.054600e+00
6.000000e-04 2.511900e-20 1.530300e-01 9.054600e+00
6.000000e-04 3.981100e-20 1.530300e-01 9.054600e+00
6.000000e-04 6.309600e-20 1.530300e-01 9.054600e+00
6.000000e-04 1.000000e-19 1.530300e-01 9.054600e+00
6.000000e-04 1.584900e-19 1.530300e-01 9.054600e+00
6.000000e-04 2.511900e-19 1.530300e-01 9.054600e+00
6.000000e-04 3.981100e-19 1.530300e-01 9.054600e+00
6.000000e-04 6.309600e-19 1.530300e-01 9.054600e+00
6.000000e-04 1.000000e-18 1.530300e-01 9.054600e+00
6.000000e-04 1.584900e-18 1.530300e-01 9.054600e+00
6.000000e-04 2.511900e-18 1.530300e-01 9.054600e+00
6.000000e-04 3.981100e-18 1.530300e-01 9.054600e+00
6.000000e-04 6.309600e-18 1.530300e-01 9.054600e+00
6.000000e-04 1.000000e-17 1.530300e-01 9.054600e+00
6.000000e-04 1.584900e-17 1.530300e-01 9.054600e+00
6.000000e-04 2.511900e-17 1.530300e-01 9.054600e+00
6.000000e-04 3.981100e-17 1.530300e-01 9.054600e+00
6.000000e-04 6.309600e-17 1.530300e-01 9.054600e+00
6.000000e-04 1.000000e-16 1.530300e-01 9.054600e+00
6.000000e-04 1.584900e-16 1.530300e-01 9.054600e+00
6.000000e-04 2.511900e-16 1.530300e-01 9.054600e+00
6.000000e-04 3.981100e-16 1.530300e-01 9.054600e+00
6.000000e-04 6.309600e-16 1.538900e-01 1.052600e+01
6.000000e-04 1.000000e-15 1.551600e-01 1.349500e+01
6.000000e-04 1.584900e-15 1.564900e-01 1.793900e+01
6.000000e-04 2.511900e-15 1.579300e-01 2.473500e+01
6.000000e-04 3.981100e-15 1.595000e-01 3.459300e+01
6.000000e-04 6.309600e-15 1.610500e-01 4.844500e+01
6.000000e-04 1.000000e-14 1.627600e-01 6.857500e+01
8.000000e-04 1.000000e-21 1.995500e-01 5.007800e-01
8.000000e-04 1.584900e-21 1.995500e-01 5.007800e-01
8.000000e-04 2.511900e-21 1.995500e-01 5.007800e-01
8.000000e-04 3.981100e-21 1.995500e-01 5.007800e-01
8.000000e-04 6.309600e-21 1.995500e-01 5.007800e-01
8.000000e-04 1.000000e-20 1.995500e-01 5.007800e-01
8.000000e-04 1.584900e-20 1.995500e-01 5.007800e-01
8.000000e-04 2.511900e-20 1.995500e-01 5.007800e-01
8.000000e-04 3.981100e-20 1.995500e-01 5.007800e-01
8.000000e-04 6.309600e-20 1.995500e-01 5.007800e-01
8.000000e-04 1.000000e-19 1.995500e-01 5.007800e-01
8.000000e-04 1.584900e-19 1.995500e-01 5.007800e-01
8.000000e-04 2.511900e-19 1.995500e-01 5.007800e-01
8.000000e-04 3.981100e-19 1.995500e-01 5.007800e-01
8.000000e-04 6.309600e-19 1.995500e-01 5.007800e-01
8.000000e-04 1.000000e-18 1.995500e-01 5.007800e-01
8.000000e-04 1.584900e-18 1.995500e-01 5.007800e-01
8.000000e-04 2.511900e-18 1.995500e-01 5.007800e-01
8.000000e-04 3.981100e-18 1.995500e-01 5.007800e-01
8.000000e-04 6.309600e-18 1.995500e-01 5.007800e-01
8.000000e-04 1.000000e-17 1.995500e-01 5.007800e-01
8.000000e-04 1.584900e-17 1.995500e-01 5.007800e-01
8.000000e-04 2.511900e-17 1.995500e-01 5.007800e-01
8.000000e-04 3.981100e-17 1.995500e-01 5.007800e-01
8.000000e-04 6.309600e-17 1.995500e-01 5.007800e-01
8.000000e-04 1.000000e-16 1.995500e-01 5.007800e-01
8.000000e-04 1.584900e-16 1.995500e-01 5.007800e-01
8.000000e-04 2.511900e-16 1.995500e-01 5.007800e-01
8.000000e-04 3.981100e-16 1.995500e-01 5.007800e-01
8.000000e-04 6.309600e-16 1.981400e-01 5.287200e-01
8.000000e-04 1.000000e-15 1.934800e-01 6.192000e-01
8.000000e-04 1.584900e-15 1.865400e-01 7.590800e-01
8.000000e-04 2.511900e-15 1.824000e-01 9.416600e-01
8.000000e-04 3.981100e-15 1.756000e-01 1.231000e+00
8.000000e-04 6.309600e-15 1.715900e-01 1.500300e+00
8.000000e-04 1.000000e-14 1.680000e-01 1.844100e+00
1.000000e-03 1.000000e-21 2.243300e-01 6.269300e+01
1.000000e-03 1.584900e-21 2.243300e-01 6.269300e+01
1.000000e-03 2.511900e-21 2.243300e-01 6.269300e+01
1.000000e-03 3.981100e-21 2.243300e-01 6.269300e+01
1.000000e-03 6.309600e-21 2.243300e-01 6.269300e+01
1.000000e-03 1.000000e-20 2.243300e-01 6.269300e+01
1.000000e-03 1.584900e-20 2.243300e-01 6.269300e+01
1.000000e-03 2.511900e-20 2.243300e-01 6.269300e+01
1.000000e-03 3.981100e-20 2.243300e-01 6.269300e+01
1.000000e-03 6.309600e-20 2.243300e-01 6.269300e+01
1.000000e-03 1.000000e-19 2.243300e-01 6.269300e+01
1.000000e-03 1.584900e-19 2.243300e-01 6.269300e+01
1.000000e-03 2.511900e-19 2.243300e-01 6.269300e+01
1.000000e-03 3.981100e-19 2.243300e-01 6.269300e+01
1.000000e-03 6.309600e-19 2.243300e-01 6.269300e+01
1.000000e-03 1.000000e-18 2.243300e-01 6.269300e+01
1.000000e-03 1.584900e-18 2.243300e-01 6.269300e+01
1.000000e-03 2.511900e-18 2.243300e-01 6.269300e+01
1.000000e-03 3.981100e-18 2.243300e-01 6.269300e+01
1.000000e-03 6.309600e-18 2.243300e-01 6.269300e+01
1.000000e-03 1.000000e-17 2.243300e-01 6.269300e+01
1.000000e-03 1.584900e-17 2.243300e-01 6.269300e+01
1.000000e-03 2.511900e-17 2.243300e-01 6.269300e+01
1.000000e-03 3.981100e-17 2.243300e-01 6.269300e+01
1.000000e-03 6.309600e-17 2.243300e-01 6.269300e+01
1.000000e-03 1.000000e-16 2.243300e-01 6.269300e+01
1.000000e-03 1.584900e-16 2.243300e-01 6.269300e+01
1.000000e-03 2.511900e-16 2.243300e-01 6.269300e+01
1.000000e-03 3.981100e-16 2.243300e-01 6.269300e+01
1.000000e-03 6.309600e-16 2.243300e-01 6.269300e+01
1.000000e-03 1.000000e-15 2.247700e-01 6.502000e+01
1.000000e-03 1.584900e-15 2.254400e-01 6.917100e+01
1.000000e-03 2.511900e-15 2.259600e-01 7.382800e+01
1.000000e-03 3.981100e-15 2.264600e-01 8.012700e+01
1.000000e-03 6.309600e-15 2.269800e-01 8.738000e+01
1.000000e-03 1.000000e-14 2.274300e-01 9.565800e+01
1.250000e-03 1.000000e-21 2.186400e-01 2.268100e+02
1.250000e-03 1.584900e-21 2.186400e-01 2.268100e+02
1.250000e-03 2.511900e-21 2.186400e-01 2.268100e+02
1.250000e-03 3.981100e-21 2.186400e-01 2.268100e+02
1.250000e-03 6.309600e-21 2.186400e-01 2.268100e+02
1.250000e-03 1.000000e-20 2.186400e-01 2.268100e+02
1.250000e-03 1.584900e-20 2.186400e-01 2.268100e+02
1.250000e-03 2.511900e-20 2.186400e-01 2.268100e+02
1.250000e-03 3.981100e-20 2.186400e-01 2.268100e+02
1.250000e-03 6.309600e-20 2.186400e-01 2.268100e+02
1.250000e-03 1.000000e-19 2.186400e-01 2.268100e+02
1.250000e-03 1.584900e-19 2.186400e-01 2.268100e+02
1.250000e-03 2.511900e-19 2.186400e-01 2.268100e+02
1.250000e-03 3.981100e-19 2.186400e-01 2.268100e+02
1.250000e-03 6.309600e-19 2.186400e-01 2.268100e+02
1.250000e-03 1.000000e-18 2.186400e-01 2.268100e+02
1.250000e-03 1.584900e-18 2.186400e-01 2.268100e+02
1.250000e-03 2.511900e-18 2.186400e-01 2.268100e+02
1.250000e-03 3.981100e-18 2.186400e-01 2.268100e+02
1.250000e-03 6.309600e-18 2.186400e-01 2.268100e+02
1.250000e-03 1.000000e-17 2.186400e-01 2.268100e+02
1.250000e-03 1.584900e-17 2.186400e-01 2.268100e+02
1.250000e-03 2.511900e-17 2.186400e-01 2.268100e+02
1.250000e-03 3.981100e-17 2.186400e-01 2.268100e+02
1.250000e-03 6.309600e-17 2.186400e-01 2.268100e+02
1.250000e-03 1.000000e-16 2.186400e-01 2.268100e+02
1.250000e-03 1.584900e-16 2.186400e-01 2.268100e+02
1.250000e-03 2.511900e-16 2.186400e-01 2.268100e+02
1.250000e-03 3.981100e-16 2.186400e-01 2.268100e+02
1.250000e-03 6.309600e-16 2.186400e-01 2.268100e+02
1.250000e-03 1.000000e-15 2.188300e-01 2.269500e+02
1.250000e-03 1.584900e-15 2.204000e-01 2.282200e+02
1.250000e-03 2.511900e-15 2.222500e-01 2.302500e+02
1.250000e-03 3.981100e-15 2.245300e-01 2.335200e+02
1.250000e-03 6.309600e-15 2.272000e-01 2.387200e+02
1.250000e-03 1.000000e-14 2.304600e-01 2.459700e+02
1.500000e-03 1.000000e-21 2.219100e-01 9.088500e+02
1.500000e-03 1.584900e-21 2.219100e-01 9.088500e+02
1.500000e-03 2.511900e-21 2.219100e-01 9.088500e+02
1.500000e-03 3.981100e-21 2.219100e-01 9.088500e+02
1.500000e-03 6.309600e-21 2.219100e-01 9.088500e+02
1.500000e-03 1.000000e-20 2.219100e-01 9.088500e+02
1.500000e-03 1.584900e-20 2.219100e-01 9.088500e+02
1.500000e-03 2.511900e-20 2.219100e-01 9.088500e+02
1.500000e-03 3.981100e-20 2.219100e-01 9.088500e+02
1.500000e-03 6.309600e-20 2.219100e-01 9.088500e+02
1.500000e-03 1.000000e-19 2.219100e-01 9.088500e+02
1.500000e-03 1.584900e-19 2.219100e-01 9.088500e+02
1.500000e-03 2.511900e-19 2.219100e-01 9.088500e+02
1.500000e-03 3.981100e-19 2.219100e-01 9.088500e+02
1.500000e-03 6.309600e-19 2.219100e-01 9.088500e+02
1.500000e-03 1.000000e-18 2.219100e-01 9.088500e+02
1.500000e-03 1.584900e-18 2.219100e-01 9.088500e+02
1.500000e-03 2.511900e-18 2.219100e-01 9.088500e+02
1.500000e-03 3.981100e-18 2.219100e-01 9.088500e+02
1.500000e-03 6.309600e-18 2.219100e-01 9.088500e+02
1.500000e-03 1.000000e-17 2.219100e-01 9.088500e+02
1.500000e-03 1.584900e-17 2.219100e-01 9.088500e+02
1.500000e-03 2.511900e-17 2.219100e-01 9.088500e+02
1.500000e-03 3.981100e-17 2.219100e-01 9.088500e+02
1.500000e-03 6.309600e-17 2.219100e-01 9.088500e+02
1.500000e-03 1.000000e-16 2.219100e-01 9.088500e+02
1.500000e-03 1.584900e-16 2.219100e-01 9.088500e+02
1.500000e-03 2.511900e-16 2.219100e-01 9.088500e+02
1.500000e-03 3.981100e-16 2.219100e-01 9.088500e+02
1.500000e-03 6.309600e-16 2.219100e-01 9.088500e+02
1.500000e-03 1.000000e-15 2.219100e-01 9.088500e+02
1.500000e-03 1.584900e-15 2.222400e-01 9.206600e+02
1.500000e-03 2.511900e-15 2.229200e-01 9.516400e+02
1.500000e-03 3.981100e-15 2.236800e-01 9.848600e+02
1.500000e-03 6.309600e-15 2.245200e-01 1.004200e+03
1.500000e-03 1.000000e-14 2.255700e-01 1.028700e+03
2.000000e-03 1.000000e-21 2.824200e-01 3.059800e+03
2.000000e-03 1.584900e-21 2.824200e-01 3.059800e+03
2.000000e-03 2.511900e-21 2.824200e-01 3.059800e+03
2.000000e-03 3.981100e-21 2.824200e-01 3.059800e+03
2.000000e-03 6.309600e-21 2.824200e-01 3.059800e+03
2.000000e-03 1.000000e-20 2.824200e-01 3.059800e+03
2.000000e-03 1.584900e-20 2.824200e-01 3.059800e+03
2.000000e-03 2.511900e-20 2.824200e-01 3.059800e+03
2.000000e-03 3.981100e-20 2.824200e-01 3.059800e+03
2.000000e-03 6.309600e-20 2.824200e-01 3.059800e+03
2.000000e-03 1.000000e-19 2.824200e-01 3.059800e+03
2.000000e-03 1.584900e-19 2.824200e-01 3.059800e+03
2.000000e-03 2.511900e-19 2.824200e-01 3.059800e+03
2.000000e-03 3.981100e-19 2.824200e-01 3.059800e+03
2.000000e-03 6.309600e-19 2.824200e-01 3.059800e+03
2.000000e-03 1.000000e-18 2.824200e-01 3.059800e+03
2.000000e-03 1.584900e-18 2.824200e-01 3.059800e+03
2.000000e-03 2.511900e-18 2.824200e-01 3.059800e+03
2.000000e-03 3.981100e-18 2.824200e-01 3.059800e+03
2.000000e-03 6.309600e-18 2.824200e-01 3.059800e+03
2.000000e-03 1.000000e-17 2.824200e-01 3.059800e+03
2.000000e-03 1.584900e-17 2.824200e-01 3.059800e+03
2.000000e-03 2.511900e-17 2.824200e-01 3.059800e+03
2.000000e-03 3.981100e-17 2.824200e-01 3.059800e+03
2.000000e-03 6.309600e-17 2.824200e-01 3.059800e+03
2.000000e-03 1.000000e-16 2.824200e-01 3.059800e+03
2.000000e-03 1.584900e-16 2.824200e-01 3.059800e+03
2.000000e-03 2.511900e-16 2.824200e-01 3.059800e+03
2.000000e-03 3.981100e-16 2.824200e-01 3.059800e+03
2.000000e-03 6.309600e-16 2.824200e-01 3.059800e+03
2.000000e-03 1.000000e-15 2.824200e-01 3.059800e+03
2.000000e-03 1.584900e-15 2.824300e-01 3.067800e+03
2.000000e-03 2.511900e-15 2.822500e-01 3.133600e+03
2.000000e-03 3.981100e-15 2.813800e-01 3.237900e+03
2.000000e-03 6.309600e-15 2.801300e-01 3.264800e+03
2.000000e-03 1.000000e-14 2.775300e-01 3.299500e+03
2.500000e-03 1.000000e-21 2.898500e-01 1.407000e+02
2.500000e-03 1.584900e-21 2.898500e-01 1.407000e+02
2.500000e-03 2.511900e-21 2.898500e-01 1.407000e+02
2.500000e-03 3.981100e-21 2.898500e-01 1.407000e+02
2.500000e-03 6.309600e-21 2.898500e-01 1.407000e+02
2.500000e-03 1.000000e-20 2.898500e-01 1.407000e+02
2.500000e-03 1.584900e-20 2.898500e-01 1.407000e+02
2.500000e-03 2.511900e-20 2.898500e-01 1.407000e+02
2.500000e-03 3.981100e-20 2.898500e-01 1.407000e+02
2.500000e-03 6.309600e-20 2.898500e-01 1.407000e+02
2.500000e-03 1.000000e-19 2.898500e-01 1.407000e+02
2.500000e-03 1.584900e-19 2.898500e-01 1.407000e+02
2.500000e-03 2.511900e-19 2.898500e-01 1.407000e+02
2.500000e-03 3.981100e-19 2.898500e-01 1.407000e+02
2.500000e-03 6.309600e-19 2.898500e-01 1.407000e+02
2.500000e-03 1.000000e-18 2.898500e-01 1.407000e+02
2.500000e-03 1.584900e-18 2.898500e-01 1.407000e+02
2.500000e-03 2.511900e-18 2.898500e-01 1.407000e+02
2.500000e-03 3.981100e-18 2.898500e-01 1.407000e+02
2.500000e-03 6.309600e-18 2.898500e-01 1.407000e+02
2.500000e-03 1.000000e-17 2.898500e-01 1.407000e+02
2.500000e-03 1.584900e-17 2.898500e-01 1.407000e+02
2.500000e-03 2.511900e-17 2.898500e-01 1.407000e+02
2.500000e-03 3.981100e-17 2.898500e-01 1.407000e+02
2.500000e-03 6.309600e-17 2.898500e-01 1.407000e+02
2.500000e-03 1.000000e-16 2.898500e-01 1.407000e+02
2.500000e-03 1.584900e-16 2.898500e-01 1.407000e+02
2.500000e-03 2.511900e-16 2.898500e-01 1.407000e+02
2.500000e-03 3.981100e-16 2.898500e-01 1.407000e+02
2.500000e-03 6.309600e-16 2.898500e-01 1.407000e+02
2.500000e-03 1.000000e-15 2.898500e-01 1.407000e+02
2.500000e-03 1.584900e-15 2.898500e-01 1.407000e+02
2.500000e-03 2.511900e-15 2.903300e-01 1.431500e+02
2.500000e-03 3.981100e-15 2.915400e-01 1.506800e+02
2.500000e-03 6.309600e-15 2.928200e-01 1.597600e+02
2.500000e-03 1.000000e-14 2.940800e-01 1.651700e+02
3.000000e-03 1.000000e-21 2.908200e-01 4.257000e+02
3.000000e-03 1.584900e-21 2.908200e-01 4.257000e+02
3.000000e-03 2.511900e-21 2.908200e-01 4.257000e+02
3.000000e-03 3.981100e-21 2.908200e-01 4.257000e+02
3.000000e-03 6.309600e-21 2.908200e-01 4.257000e+02
3.000000e-03 1.000000e-20 2.908200e-01 4.257000e+02
3.000000e-03 1.584900e-20 2.908200e-01 4.257000e+02
3.000000e-03 2.511900e-20 2.908200e-01 4.257000e+02
3.000000e-03 3.981100e-20 2.908200e-01 4.257000e+02
3.000000e-03 6.309600e-20 2.908200e-01 4.257000e+02
3.000000e-03 1.000000e-19 2.908200e-01 4.257000e+02
3.000000e-03 1.584900e-19 2.908200e-01 4.257000e+02
3.000000e-03 2.511900e-19 2.908200e-01 4.257000e+02
3.000000e-03 3.981100e-19 2.908200e-01 4.257000e+02
3.000000e-03 6.309600e-19 2.908200e-01 4.257000e+02
3.000000e-03 1.000000e-18 2.908200e-01 4.257000e+02
3.000000e-03 1.584900e-18 2.908200e-01 4.257000e+02
3.000000e-03 2.511900e-18 2.908200e-01 4.257000e+02
3.000000e-03 3.981100e-18 2.908200e-01 4.257000e+02
3.000000e-03 6.309600e-18 2.908200e-01 4.257000e+02
3.000000e-03 1.000000e-17 2.908200e-01 4.257000e+02
3.000000e-03 1.584900e-17 2.908200e-01 4.257000e+02
3.000000e-03 2.511900e-17 2.908200e-01 4.257000e+02
3.000000e-03 3.981100e-17 2.908200e-01 4.257000e+02
3.000000e-03 6.309600e-17 2.908200e-01 4.257000e+02
3.000000e-03 1.000000e-16 2.908200e-01 4.257000e+02
3.000000e-03 1.584900e-16 2.908200e-01 4.257000e+02
3.000000e-03 2.511900e-16 2.908200e-01 4.257000e+02
3.000000e-03 3.981100e-16 2.908200e-01 4.257000e+02
3.000000e-03 6.309600e-16 2.908200e-01 4.257000e+02
3.000000e-03 1.000000e-15 2.908200e-01 4.257000e+02
3.000000e-03 1.584900e-15 2.908200e-01 4.257000e+02
3.000000e-03 2.511900e-15 2.908200e-01 4.257000e+02
3.000000e-03 3.981100e-15 2.918000e-01 4.312900e+02
3.000000e-03 6.309600e-15 2.930100e-01 4.412200e+02
3.000000e-03 1.000000e-14 2.944600e-01 4.477700e+02
3.500000e-03 1.000000e-21 2.917100e-01 5.499300e+02
3.500000e-03 1.584900e-21 2.917100e-01 5.499300e+02
3.500000e-03 2.511900e-21 2.917100e-01 5.499300e+02
3.500000e-03 3.981100e-21 2.917100e-01 5.499300e+02
3.500000e-03 6.309600e-21 2.917100e-01 5.499300e+02
3.500000e-03 1.000000e-20 2.917100e-01 5.499300e+02
3.500000e-03 1.584900e-20 2.917100e-01 5.499300e+02
3.500000e-03 2.511900e-20 2.917100e-01 5.499300e+02
3.500000e-03 3.981100e-20 2.917100e-01 5.499300e+02
3.500000e-03 6.309600e-20 2.917100e-01 5.499300e+02
3.500000e-03 1.000000e-19 2.917100e-01 5.499300e+02
3.500000e-03 1.584900e-19 2.917100e-01 5.499300e+02
3.500000e-03 2.511900e-19 2.917100e-01 5.499300e+02
3.500000e-03 3.981100e-19 2.917100e-01 5.499300e+02
3.500000e-03 6.309600e-19 2.917100e-01 5.499300e+02
3.500000e-03 1.000000e-18 2.917100e-01 5.499300e+02
3.500000e-03 1.584900e-18 2.917100e-01 5.499300e+02
3.500000e-03 2.511900e-18 2.917100e-01 5.499300e+02
3.500000e-03 3.981100e-18 2.917100e-01 5.499300e+02
3.500000e-03 6.309600e-18 2.917100e-01 5.499300e+02
3.500000e-03 1.000000e-17 2.917100e-01 5.499300e+02
3.500000e-03 1.584900e-17 2.917100e-01 5.499300e+02
3.500000e-03 2.511900e-17 2.917100e-01 5.499300e+02
3.500000e-03 3.981100e-17 2.917100e-01 5.499300e+02
3.500000e-03 6.309600e-17 2.917100e-01 5.499300e+02
3.500000e-03 1.000000e-16 2.917100e-01 5.499300e+02
3.500000e-03 1.584900e-16 2.917100e-01 5.499300e+02
3.500000e-03 2.511900e-16 2.917100e-01 5.499300e+02
3.500000e-03 3.981100e-16 2.917100e-01 5.499300e+02
3.500000e-03 6.309600e-16 2.917100e-01 5.499300e+02
3.500000e-03 1.000000e-15 2.917100e-01 5.499300e+02
3.500000e-03 1.584900e-15 2.917100e-01 5.499300e+02
3.500000e-03 2.511900e-15 2.917100e-01 5.499300e+02
3.500000e-03 3.981100e-15 2.921000e-01 5.331400e+02
3.500000e-03 6.309600e-15 2.932900e-01 4.697400e+02
3.500000e-03 1.000000e-14 2.945300e-01 3.880800e+02
4.000000e-03 1.000000e-21 2.905900e-01 7.865700e+01
4.000000e-03 1.584900e-21 2.905900e-01 7.865700e+01
4.000000e-03 2.511900e-21 2.905900e-01 7.865700e+01
4.000000e-03 3.981100e-21 2.905900e-01 7.865700e+01
4.000000e-03 6.309600e-21 2.905900e-01 7.865700e+01
4.000000e-03 1.000000e-20 2.905900e-01 7.865700e+01
4.000000e-03 1.584900e-20 2.905900e-01 7.865700e+01
4.000000e-03 2.511900e-20 2.905900e-01 7.865700e+01
4.000000e-03 3.981100e-20 2.905900e-01 7.865700e+01
4.000000e-03 6.309600e-20 2.905900e-01 7.865700e+01
4.000000e-03 1.000000e-19 2.905900e-01 7.865700e+01
4.000000e-03 1.584900e-19 2.905900e-01 7.865700e+01
4.000000e-03 2.511900e-19 2.905900e-01 7.865700e+01
4.000000e-03 3.981100e-19 2.905900e-01 7.865700e+01
4.000000e-03 6.309600e-19 2.905900e-01 7.865700e+01
4.000000e-03 1.000000e-18 2.905900e-01 7.865700e+01
4.000000e-03 1.584900e-18 2.905900e-01 7.865700e+01
4.000000e-03 2.511900e-18 2.905900e-01 7.865700e+01
4.000000e-03 3.981100e-18 2.905900e-01 7.865700e+01
4.000000e-03 6.309600e-18 2.905900e-01 7.865700e+01
4.000000e-03 1.000000e-17 2.905900e-01 7.865700e+01
4.000000e-03 1.584900e-17 2.905900e-01 7.865700e+01
4.000000e-03 2.511900e-17 2.905900e-01 7.865700e+01
4.000000e-03 3.981100e-17 2.905900e-01 7.865700e+01
4.000000e-03 6.309600e-17 2.905900e-01 7.865700e+01
4.000000e-03 1.000000e-16 2.905900e-01 7.865700e+01
4.000000e-03 1.584900e-16 2.905900e-01 7.865700e+01
4.000000e-03 2.511900e-16 2.905900e-01 7.865700e+01
4.000000e-03 3.981100e-16 2.905900e-01 7.865700e+01
4.000000e-03 6.309600e-16 2.905900e-01 7.865700e+01
4.000000e-03 1.000000e-15 2.905900e-01 7.865700e+01
4.000000e-03 1.584900e-15 2.905900e-01 7.865700e+01
4.000000e-03 2.511900e-15 2.905900e-01 7.865700e+01
4.000000e-03 3.981100e-15 2.905900e-01 7.865700e+01
4.000000e-03 6.309600e-15 2.916700e-01 8.277200e+01
4.000000e-03 1.000000e-14 2.928300e-01 8.967100e+01
5.000000e-03 1.000000e-21 2.897100e-01 1.009800e+02
5.000000e-03 1.584900e-21 2.897100e-01 1.009800e+02
5.000000e-03 2.511900e-21 2.897100e-01 1.009800e+02
5.000000e-03 3.981100e-21 2.897100e-01 1.009800e+02
5.000000e-03 6.309600e-21 2.897100e-01 1.009800e+02
5.000000e-03 1.000000e-20 2.897100e-01 1.009800e+02
5.000000e-03 1.584900e-20 2.897100e-01 1.009800e+02
5.000000e-03 2.511900e-20 2.897100e-01 1.009800e+02
5.000000e-03 3.981100e-20 2.897100e-01 1.009800e+02
5.000000e-03 6.309600e-20 2.897100e-01 1.009800e+02
5.000000e-03 1.000000e-19 2.897100e-01 1.009800e+02
5.000000e-03 1.584900e-19 2.897100e-01 1.009800e+02
5.000000e-03 2.511900e-19 2.897100e-01 1.009800e+02
5.000000e-03 3.981100e-19 2.897100e-01 1.009800e+02
5.000000e-03 6.309600e-19 2.897100e-01 1.009800e+02
5.000000e-03 1.000000e-18 2.897100e-01 1.009800e+02
5.000000e-03 1.584900e-18 2.897100e-01 1.009800e+02
5.000000e-03 2.511900e-18 2.897100e-01 1.009800e+02
5.000000e-03 3.981100e-18 2.897100e-01 1.009800e+02
5.000000e-03 6.309600e-18 2.897100e-01 1.009800e+02
5.000000e-03 1.000000e-17 2.897100e-01 1.009800e+02
5.000000e-03 1.584900e-17 2.897100e-01 1.009800e+02
5.000000e-03 2.511900e-17 2.897100e-01 1.009800e+02
5.000000e-03 3.981100e-17 2.897100e-01 1.009800e+02
5.000000e-03 6.309600e-17 2.897100e-01 1.009800e+02
5.000000e-03 1.000000e-16 2.897100e-01 1.009800e+02
5.000000e-03 1.584900e-16 2.897100e-01 1.009800e+02
5.000000e-03 2.511900e-16 2.897100e-01 1.009800e+02
5.000000e-03 3.981100e-16 2.897100e-01 1.009800e+02
5.000000e-03 6.309600e-16 2.897100e-01 1.009800e+02
5.000000e-03 1.000000e-15 2.897100e-01 1.009800e+02
5.000000e-03 1.584900e-15 2.897100e-01 1.009800e+02
5.000000e-03 2.511900e-15 2.897100e-01 1.009800e+02
5.000000e-03 3.981100e-15 2.897100e-01 1.009800e+02
5.000000e-03 6.309600e-15 2.899000e-01 1.012500e+02
5.000000e-03 1.000000e-14 2.908300e-01 1.029700e+02
6.000000e-03 1.000000e-21 2.950100e-01 7.431000e+01
6.000000e-03 1.584900e-21 2.950100e-01 7.431000e+01
6.000000e-03 2.511900e-21 2.950100e-01 7.431000e+01
6.000000e-03 3.981100e-21 2.950100e-01 7.431000e+01
6.000000e-03 6.309600e-21 2.950100e-01 7.431000e+01
6.000000e-03 1.000000e-20 2.950100e-01 7.431000e+01
6.000000e-03 1.584900e-20 2.950100e-01 7.431000e+01
6.000000e-03 2.511900e-20 2.950100e-01 7.431000e+01
6.000000e-03 3.981100e-20 2.950100e-01 7.431000e+01
6.000000e-03 6.309600e-20 2.950100e-01 7.431000e+01
6.000000e-03 1.000000e-19 2.950100e-01 7.431000e+01
6.000000e-03 1.584900e-19 2.950100e-01 7.431000e+01
6.000000e-03 2.511900e-19 2.950100e-01 7.431000e+01
6.000000e-03 3.981100e-19 2.950100e-01 7.431000e+01
6.000000e-03 6.309600e-19 2.950100e-01 7.431000e+01
6.000000e-03 1.000000e-18 2.950100e-01 7.431000e+01
6.000000e-03 1.584900e-18 2.950100e-01 7.431000e+01
6.000000e-03 2.511900e-18 2.950100e-01 7.431000e+01
6.000000e-03 3.981100e-18 2.950100e-01 7.431000e+01
6.000000e-03 6.309600e-18 2.950100e-01 7.431000e+01
6.000000e-03 1.000000e-17 2.950100e-01 7.431000e+01
6.000000e-03 1.584900e-17 2.950100e-01 7.431000e+01
6.000000e-03 2.511900e-17 2.950100e-01 7.431000e+01
6.000000e-03 3.981100e-17 2.950100e-01 7.431000e+01
6.000000e-03 6.309600e-17 2.950100e-01 7.431000e+01
6.000000e-03 1.000000e-16 2.950100e-01 7.431000e+01
6.000000e-03 1.584900e-16 2.950100e-01 7.431000e+01
6.000000e-03 2.511900e-16 2.950100e-01 7.431000e+01
6.000000e-03 3.981100e-16 2.950100e-01 7.431000e+01
6.000000e-03 6.309600e-16 2.950100e-01 7.431000e+01
6.000000e-03 1.000000e-15 2.950100e-01 7.431000e+01
6.000000e-03 1.584900e-15 2.950100e-01 7.431000e+01
6.000000e-03 2.511900e-15 2.950100e-01 7.431000e+01
6.000000e-03 3.981100e-15 2.950100e-01 7.431000e+01
6.000000e-03 6.309600e-15 2.950100e-01 7.431000e+01
6.000000e-03 1.000000e-14 2.956400e-01 7.363200e+01
7.000000e-03 1.000000e-21 3.109600e-01 2.665300e+01
7.000000e-03 1.584900e-21 3.109600e-01 2.665300e+01
7.000000e-03 2.511900e-21 3.109600e-01 2.665300e+01
7.000000e-03 3.981100e-21 3.109600e-01 2.665300e+01
7.000000e-03 6.309600e-21 3.109600e-01 2.665300e+01
7.000000e-03 1.000000e-20 3.109600e-01 2.665300e+01
7.000000e-03 1.584900e-20 3.109600e-01 2.665300e+01
7.000000e-03 2.511900e-20 3.109600e-01 2.665300e+01
7.000000e-03 3.981100e-20 3.109600e-01 2.665300e+01
7.000000e-03 6.309600e-20 3.109600e-01 2.665300e+01
7.000000e-03 1.000000e-19 3.109600e-01 2.665300e+01
7.000000e-03 1.584900e-19 3.109600e-01 2.665300e+01
7.000000e-03 2.511900e-19 3.109600e-01 2.665300e+01
7.000000e-03 3.981100e-19 3.109600e-01 2.665300e+01
7.000000e-03 6.309600e-19 3.109600e-01 2.665300e+01
7.000000e-03 1.000000e-18 3.109600e-01 2.665300e+01
7.000000e-03 1.584900e-18 3.109600e-01 2.665300e+01
7.000000e-03 2.511900e-18 3.109600e-01 2.665300e+01
7.000000e-03 3.981100e-18 3.109600e-01 2.665300e+01
7.000000e-03 6.309600e-18 3.109600e-01 2.665300e+01
7.000000e-03 1.000000e-17 3.109600e-01 2.665300e+01
7.000000e-03 1.584900e-17 3.109600e-01 2.665300e+01
7.000000e-03 2.511900e-17 3.109600e-01 2.665300e+01
7.000000e-03 3.981100e-17 3.109600e-01 2.665300e+01
7.000000e-03 6.309600e-17 3.109600e-01 2.665300e+01
7.000000e-03 1.000000e-16 3.109600e-01 2.665300e+01
7.000000e-03 1.584900e-16 3.109600e-01 2.665300e+01
7.000000e-03 2.511900e-16 3.109600e-01 2.665300e+01
7.000000e-03 3.981100e-16 3.109600e-01 2.665300e+01
7.000000e-03 6.309600e-16 3.109600e-01 2.665300e+01
7.000000e-03 1.000000e-15 3.109600e-01 2.665300e+01
7.000000e-03 1.584900e-15 3.109600e-01 2.665300e+01
7.000000e-03 2.511900e-15 3.109600e-01 2.665300e+01
7.000000e-03 3.981100e-15 3.109600e-01 2.665300e+01
7.000000e-03 6.309600e-15 3.109600e-01 2.665300e+01
7.000000e-03 1.000000e-14 3.110400e-01 2.658600e+01
8.000000e-03 1.000000e-21 3.381400e-01 2.362600e+01
8.000000e-03 1.584900e-21 3.381400e-01 2.362600e+01
8.000000e-03 2.511900e-21 3.381400e-01 2.362600e+01
8.000000e-03 3.981100e-21 3.381400e-01 2.362600e+01
8.000000e-03 6.309600e-21 3.381400e-01 2.362600e+01
8.000000e-03 1.000000e-20 3.381400e-01 2.362600e+01
8.000000e-03 1.584900e-20 3.381400e-01 2.362600e+01
8.000000e-03 2.511900e-20 3.381400e-01 2.362600e+01
8.000000e-03 3.981100e-20 3.381400e-01 2.362600e+01
8.000000e-03 6.309600e-20 3.381400e-01 2.362600e+01
8.000000e-03 1.000000e-19 3.381400e-01 2.362600e+01
8.000000e-03 1.584900e-19 3.381400e-01 2.362600e+01
8.000000e-03 2.511900e-19 3.381400e-01 2.362600e+01
8.000000e-03 3.981100e-19 3.381400e-01 2.362600e+01
8.000000e-03 6.309600e-19 3.381400e-01 2.362600e+01
8.000000e-03 1.000000e-18 3.381400e-01 2.362600e+01
8.000000e-03 1.584900e-18 3.381400e-01 2.362600e+01
8.000000e-03 2.511900e-18 3.381400e-01 2.362600e+01
8.000000e-03 3.981100e-18 3.381400e-01 2.362600e+01
8.000000e-03 6.309600e-18 3.381400e-01 2.362600e+01
8.000000e-03 1.000000e-17 3.381400e-01 2.362600e+01
8.000000e-03 1.584900e-17 3.381400e-01 2.362600e+01
8.000000e-03 2.511900e-17 3.381400e-01 2.362600e+01
8.000000e-03 3.981100e-17 3.381400e-01 2.362600e+01
8.000000e-03 6.309600e-17 3.381400e-01 2.362600e+01
8.000000e-03 1.000000e-16 3.381400e-01 2.362600e+01
8.000000e-03 1.584900e-16 3.381400e-01 2.362600e+01
8.000000e-03 2.511900e-16 3.381400e-01 2.362600e+01
8.000000e-03 3.981100e-16 3.381400e-01 2.362600e+01
8.000000e-03 6.309600e-16 3.381400e-01 2.362600e+01
8.000000e-03 1.000000e-15 3.381400e-01 2.362600e+01
8.000000e-03 1.584900e-15 3.381400e-01 2.362600e+01
8.000000e-03 2.511900e-15 3.381400e-01 2.362600e+01
8.000000e-03 3.981100e-15 3.381400e-01 2.362600e+01
8.000000e-03 6.309600e-15 3.381400e-01 2.362600e+01
8.000000e-03 1.000000e-14 3.381400e-01 2.362600e+01
9.000000e-03 1.000000e-21 3.740800e-01 4.073200e+01
9.000000e-03 1.584900e-21 3.740800e-01 4.073200e+01
9.000000e-03 2.511900e-21 3.740800e-01 4.073200e+01
9.000000e-03 3.981100e-21 3.740800e-01 4.073200e+01
9.000000e-03 6.309600e-21 3.740800e-01 4.073200e+01
9.000000e-03 1.000000e-20 3.740800e-01 4.073200e+01
9.000000e-03 1.584900e-20 3.740800e-01 4.073200e+01
9.000000e-03 2.511900e-20 3.740800e-01 4.073200e+01
9.000000e-03 3.981100e-20 3.740800e-01 4.073200e+01
9.000000e-03 6.309600e-20 3.740800e-01 4.073200e+01
9.000000e-03 1.000000e-19 3.740800e-01 4.073200e+01
9.000000e-03 1.584900e-19 3.740800e-01 4.073200e+01
9.000000e-03 2.511900e-19 3.740800e-01 4.073200e+01
9.000000e-03 3.981100e-19 3.740800e-01 4.073200e+01
9.000000e-03 6.309600e-19 3.740800e-01 4.073200e+01
9.000000e-03 1.000000e-18 3.740800e-01 4.073200e+01
9.000000e-03 1.584900e-18 3.740800e-01 4.073200e+01
9.000000e-03 2.511900e-18 3.740800e-01 4.073200e+01
9.000000e-03 3.981100e-18 3.740800e-01 4.073200e+01
9.000000e-03 6.309600e-18 3.740800e-01 4.073200e+01
9.000000e-03 1.000000e-17 3.740800e-01 4.073200e+01
9.000000e-03 1.584900e-17 3.740800e-01 4.073200e+01
9.000000e-03 2.511900e-17 3.740800e-01 4.073200e+01
9.000000e-03 3.981100e-17 3.740800e-01 4.073200e+01
9.000000e-03 6.309600e-17 3.740800e-01 4.073200e+01
9.000000e-03 1.000000e-16 3.740800e-01 4.073200e+01
9.000000e-03 1.584900e-16 3.740800e-01 4.073200e+01
9.000000e-03 2.511900e-16 3.740800e-01 4.073200e+01
9.000000e-03 3.981100e-16 3.740800e-01 4.073200e+01
9.000000e-03 6.309600e-16 3.740800e-01 4.073200e+01
9.000000e-03 1.000000e-15 3.740800e-01 4.073200e+01
9.000000e-03 1.584900e-15 3.740800e-01 4.073200e+01
9.000000e-03 2.511900e-15 3.740800e-01 4.073200e+01
9.000000e-03 3.981100e-15 3.740800e-01 4.073200e+01
9.000000e-03 6.309600e-15 3.740800e-01 4.073200e+01
9.000000e-03 1.000000e-14 3.740800e-01 4.073200e+01
1.000000e-02 1.000000e-21 3.942200e-01 4.915300e+01
1.000000e-02 1.584900e-21 3.942200e-01 4.915300e+01
1.000000e-02 2.511900e-21 3.942200e-01 4.915300e+01
1.000000e-02 3.981100e-21 3.942200e-01 4.915300e+01
1.000000e-02 6.309600e-21 3.942200e-01 4.915300e+01
1.000000e-02 1.000000e-20 3.942200e-01 4.915300e+01
1.000000e-02 1.584900e-20 3.942200e-01 4.915300e+01
1.000000e-02 2.511900e-20 3.942200e-01 4.915300e+01
1.000000e-02 3.981100e-20 3.942200e-01 4.915300e+01
1.000000e-02 6.309600e-20 3.942200e-01 4.915300e+01
1.000000e-02 1.000000e-19 3.942200e-01 4.915300e+01
1.000000e-02 1.584900e-19 3.942200e-01 4.915300e+01
1.000000e-02 2.511900e-19 3.942200e-01 4.915300e+01
1.000000e-02 3.981100e-19 3.942200e-01 4.915300e+01
1.000000e-02 6.309600e-19 3.942200e-01 4.915300e+01
1.000000e-02 1.000000e-18 3.942200e-01 4.915300e+01
1.000000e-02 1.584900e-18 3.942200e-01 4.915300e+01
1.000000e-02 2.511900e-18 3.942200e-01 4.915300e+01
1.000000e-02 3.981100e-18 3.942200e-01 4.915300e+01
1.000000e-02 6.309600e-18 3.942200e-01 4.915300e+01
1.000000e-02 1.000000e-17 3.942200e-01 4.915300e+01
1.000000e-02 1.584900e-17 3.942200e-01 4.915300e+01
1.000000e-02 2.511900e-17 3.942200e-01 4.915300e+01
1.000000e-02 3.981100e-17 3.942200e-01 4.915300e+01
1.000000e-02 6.309600e-17 3.942200e-01 4.915300e+01
1.000000e-02 1.000000e-16 3.942200e-01 4.915300e+01
1.000000e-02 1.584900e-16 3.942200e-01 4.915300e+01
1.000000e-02 2.511900e-16 3.942200e-01 4.915300e+01
1.000000e-02 3.981100e-16 3.942200e-01 4.915300e+01
1.000000e-02 6.309600e-16 3.942200e-01 4.915300e+01
1.000000e-02 1.000000e-15 3.942200e-01 4.915300e+01
1.000000e-02 1.584900e-15 3.942200e-01 4.915300e+01
1.000000e-02 2.511900e-15 3.942200e-01 4.915300e+01
1.000000e-02 3.981100e-15 3.942200e-01 4.915300e+01
1.000000e-02 6.309600e-15 3.942200e-01 4.915300e+01
1.000000e-02 1.000000e-14 3.942200e-01 4.915300e+01
1.250000e-02 1.000000e-21 3.707900e-01 2.695400e+01
1.250000e-02 1.584900e-21 3.707900e-01 2.695400e+01
1.250000e-02 2.511900e-21 3.707900e-01 2.695400e+01
1.250000e-02 3.981100e-21 3.707900e-01 2.695400e+01
1.250000e-02 6.309600e-21 3.707900e-01 2.695400e+01
1.250000e-02 1.000000e-20 3.707900e-01 2.695400e+01
1.250000e-02 1.584900e-20 3.707900e-01 2.695400e+01
1.250000e-02 2.511900e-20 3.707900e-01 2.695400e+01
1.250000e-02 3.981100e-20 3.707900e-01 2.695400e+01
1.250000e-02 6.309600e-20 3.707900e-01 2.695400e+01
1.250000e-02 1.000000e-19 3.707900e-01 2.695400e+01
1.250000e-02 1.584900e-19 3.707900e-01 2.695400e+01
1.250000e-02 2.511900e-19 3.707900e-01 2.695400e+01
1.250000e-02 3.981100e-19 3.707900e-01 2.695400e+01
1.250000e-02 6.309600e-19 3.707900e-01 2.695400e+01
1.250000e-02 1.000000e-18 3.707900e-01 2.695400e+01
1.250000e-02 1.584900e-18 3.707900e-01 2.695400e+01
1.250000e-02 2.511900e-18 3.707900e-01 2.695400e+01
1.250000e-02 3.981100e-18 3.707900e-01 2.695400e+01
1.250000e-02 6.309600e-18 3.707900e-01 2.695400e+01
1.250000e-02 1.000000e-17 3.707900e-01 2.695400e+01
1.250000e-02 1.584900e-17 3.707900e-01 2.695400e+01
1.250000e-02 2.511900e-17 3.707900e-01 2.695400e+01
1.250000e-02 3.981100e-17 3.707900e-01 2.695400e+01
1.250000e-02 6.309600e-17 3.707900e-01 2.695400e+01
1.250000e-02 1.000000e-16 3.707900e-01 2.695400e+01
1.250000e-02 1.584900e-16 3.707900e-01 2.695400e+01
1.250000e-02 2.511900e-16 3.707900e-01 2.695400e+01
1.250000e-02 3.981100e-16 3.707900e-01 2.695400e+01
1.250000e-02 6.309600e-16 3.707900e-01 2.695400e+01
1.250000e-02 1.000000e-15 3.707900e-01 2.695400e+01
1.250000e-02 1.584900e-15 3.707900e-01 2.695400e+01
1.250000e-02 2.511900e-15 3.707900e-01 2.695400e+01
1.250000e-02 3.981100e-15 3.707900e-01 2.695400e+01
1.250000e-02 6.309600e-15 3.707900e-01 2.695400e+01
1.250000e-02 1.000000e-14 3.707900e-01 2.695400e+01
1.500000e-02 1.000000e-21 3.091900e-01 1.260100e+01
1.500000e-02 1.584900e-21 3.091900e-01 1.260100e+01
1.500000e-02 2.511900e-21 3.091900e-01 1.260100e+01
1.500000e-02 3.981100e-21 3.091900e-01 1.260100e+01
1.500000e-02 6.309600e-21 3.091900e-01 1.260100e+01
1.500000e-02 1.000000e-20 3.091900e-01 1.260100e+01
1.500000e-02 1.584900e-20 3.091900e-01 1.260100e+01
1.500000e-02 2.511900e-20 3.091900e-01 1.260100e+01
1.500000e-02 3.981100e-20 3.091900e-01 1.260100e+01
1.500000e-02 6.309600e-20 3.091900e-01 1.260100e+01
1.500000e-02 1.000000e-19 3.091900e-01 1.260100e+01
1.500000e-02 1.584900e-19 3.091900e-01 1.260100e+01
1.500000e-02 2.511900e-19 3.091900e-01 1.260100e+01
1.500000e-02 3.981100e-19 3.091900e-01 1.260100e+01
1.500000e-02 6.309600e-19 3.091900e-01 1.260100e+01
1.500000e-02 1.000000e-18 3.091900e-01 1.260100e+01
1.500000e-02 1.584900e-18 3.091900e-01 1.260100e+01
1.500000e-02 2.511900e-18 3.091900e-01 1.260100e+01
1.500000e-02 3.981100e-18 3.091900e-01 1.260100e+01
1.500000e-02 6.309600e-18 3.091900e-01 1.260100e+01
1.500000e-02 1.000000e-17 3.091900e-01 1.260100e+01
1.500000e-02 1.584900e-17 3.091900e-01 1.260100e+01
1.500000e-02 2.511900e-17 3.091900e-01 1.260100e+01
1.500000e-02 3.981100e-17 3.091900e-01 1.260100e+01
1.500000e-02 6.309600e-17 3.091900e-01 1.260100e+01
1.500000e-02 1.000000e-16 3.091900e-01 1.260100e+01
1.500000e-02 1.584900e-16 3.091900e-01 1.260100e+01
1.500000e-02 2.511900e-16 3.091900e-01 1.260100e+01
1.500000e-02 3.981100e-16 3.091900e-01 1.260100e+01
1.500000e-02 6.309600e-16 3.091900e-01 1.260100e+01
1.500000e-02 1.000000e-15 3.091900e-01 1.260100e+01
1.500000e-02 1.584900e-15 3.091900e-01 1.260100e+01
1.500000e-02 2.511900e-15 3.091900e-01 1.260100e+01
1.500000e-02 3.981100e-15 3.091900e-01 1.260100e+01
1.500000e-02 6.309600e-15 3.091900e-01 1.260100e+01
1.500000e-02 1.000000e-14 3.091900e-01 1.260100e+01
2.000000e-02 1.000000e-21 2.766700e-01 1.432800e+00
2.000000e-02 1.584900e-21 2.766700e-01 1.432800e+00
2.000000e-02 2.511900e-21 2.766700e-01 1.432800e+00
2.000000e-02 3.981100e-21 2.766700e-01 1.432800e+00
2.000000e-02 6.309600e-21 2.766700e-01 1.432800e+00
2.000000e-02 1.000000e-20 2.766700e-01 1.432800e+00
2.000000e-02 1.584900e-20 2.766700e-01 1.432800e+00
2.000000e-02 2.511900e-20 2.766700e-01 1.432800e+00
2.000000e-02 3.981100e-20 2.766700e-01 1.432800e+00
2.000000e-02 6.309600e-20 2.766700e-01 1.432800e+00
2.000000e-02 1.000000e-19 2.766700e-01 1.432800e+00
2.000000e-02 1.584900e-19 2.766700e-01 1.432800e+00
2.000000e-02 2.511900e-19 2.766700e-01 1.432800e+00
2.000000e-02 3.981100e-19 2.766700e-01 1.432800e+00
2.000000e-02 6.309600e-19 2.766700e-01 1.432800e+00
2.000000e-02 1.000000e-18 2.766700e-01 1.432800e+00
2.000000e-02 1.584900e-18 2.766700e-01 1.432800e+00
2.000000e-02 2.511900e-18 2.766700e-01 1.432800e+00
2.000000e-02 3.981100e-18 2.766700e-01 1.432800e+00
2.000000e-02 6.309600e-18 2.766700e-01 1.432800e+00
2.000000e-02 1.000000e-17 2.766700e-01 1.432800e+00
2.000000e-02 1.584900e-17 2.766700e-01 1.432800e+00
2.000000e-02 2.511900e-17 2.766700e-01 1.432800e+00
2.000000e-02 3.981100e-17 2.766700e-01 1.432800e+00
2.000000e-02 6.309600e-17 2.766700e-01 1.432800e+00
2.000000e-02 1.000000e-16 2.766700e-01 1.432800e+00
2.000000e-02 1.584900e-16 2.766700e-01 1.432800e+00
2.000000e-02 2.511900e-16 2.766700e-01 1.432800e+00
2.000000e-02 3.981100e-16 2.766700e-01 1.432800e+00
2.000000e-02 6.309600e-16 2.766700e-01 1.432800e+00
2.000000e-02 1.000000e-15 2.766700e-01 1.432800e+00
2.000000e-02 1.584900e-15 2.766700e-01 1.432800e+00
2.000000e-02 2.511900e-15 2.766700e-01 1.432800e+00
2.000000e-02 3.981100e-15 2.766700e-01 1.432800e+00
2.000000e-02 6.309600e-15 2.766700e-01 1.432800e+00
2.000000e-02 1.000000e-14 2.766700e-01 1.432800e+00
2.500000e-02 1.000000e-21 2.744200e-01 4.160500e-01
2.500000e-02 1.584900e-21 2.744200e-01 4.160500e-01
2.500000e-02 2.511900e-21 2.744200e-01 4.160500e-01
2.500000e-02 3.981100e-21 2.744200e-01 4.160500e-01
2.500000e-02 6.309600e-21 2.744200e-01 4.160500e-01
2.500000e-02 1.000000e-20 2.744200e-01 4.160500e-01
2.500000e-02 1.584900e-20 2.744200e-01 4.160500e-01
2.500000e-02 2.511900e-20 2.744200e-01 4.160500e-01
2.500000e-02 3.981100e-20 2.744200e-01 4.160500e-01
2.500000e-02 6.309600e-20 2.744200e-01 4.160500e-01
2.500000e-02 1.000000e-19 2.744200e-01 4.160500e-01
2.500000e-02 1.584900e-19 2.744200e-01 4.160500e-01
2.500000e-02 2.511900e-19 2.744200e-01 4.160500e-01
2.500000e-02 3.981100e-19 2.744200e-01 4.160500e-01
2.500000e-02 6.309600e-19 2.744200e-01 4.160500e-01
2.500000e-02 1.000000e-18 2.744200e-01 4.160500e-01
2.500000e-02 1.584900e-18 2.744200e-01 4.160500e-01
2.500000e-02 2.511900e-18 2.744200e-01 4.160500e-01
2.500000e-02 3.981100e-18 2.744200e-01 4.160500e-01
2.500000e-02 6.309600e-18 2.744200e-01 4.160500e-01
2.500000e-02 1.000000e-17 2.744200e-01 4.160500e-01
2.500000e-02 1.584900e-17 2.744200e-01 4.160500e-01
2.500000e-02 2.511900e-17 2.744200e-01 4.160500e-01
2.500000e-02 3.981100e-17 2.744200e-01 4.160500e-01
2.500000e-02 6.309600e-17 2.744200e-01 4.160500e-01
2.500000e-02 1.000000e-16 2.744200e-01 4.160500e-01
2.500000e-02 1.584900e-16 2.744200e-01 4.160500e-01
2.500000e-02 2.511900e-16 2.744200e-01 4.160500e-01
2.500000e-02 3.981100e-16 2.744200e-01 4.160500e-01
2.500000e-02 6.309600e-16 2.744200e-01 4.160500e-01
2.500000e-02 1.000000e-15 2.744200e-01 4.160500e-01
2.500000e-02 1.584900e-15 2.744200e-01 4.160500e-01
2.500000e-02 2.511900e-15 2.744200e-01 4.160500e-01
2.500000e-02 3.981100e-15 2.744200e-01 4.160500e-01
2.500000e-02 6.309600e-15 2.744200e-01 4.160500e-01
2.500000e-02 1.000000e-14 2.744200e-01 4.160500e-01
3.000000e-02 1.000000e-21 2.729200e-01 2.287700e-01
3.000000e-02 1.584900e-21 2.729200e-01 2.287700e-01
3.000000e-02 2.511900e-21 2.729200e-01 2.287700e-01
3.000000e-02 3.981100e-21 2.729200e-01 2.287700e-01
3.000000e-02 6.309600e-21 2.729200e-01 2.287700e-01
3.000000e-02 1.000000e-20 2.729200e-01 2.287700e-01
3.000000e-02 1.584900e-20 2.729200e-01 2.287700e-01
3.000000e-02 2.511900e-20 2.729200e-01 2.287700e-01
3.000000e-02 3.981100e-20 2.729200e-01 2.287700e-01
3.000000e-02 6.309600e-20 2.729200e-01 2.287700e-01
3.000000e-02 1.000000e-19 2.729200e-01 2.287700e-01
3.000000e-02 1.584900e-19 2.729200e-01 2.287700e-01
3.000000e-02 2.511900e-19 2.729200e-01 2.287700e-01
3.000000e-02 3.981100e-19 2.729200e-01 2.287700e-01
3.000000e-02 6.309600e-19 2.729200e-01 2.287700e-01
3.000000e-02 1.000000e-18 2.729200e-01 2.287700e-01
3.000000e-02 1.584900e-18 2.729200e-01 2.287700e-01
3.000000e-02 2.511900e-18 2.729200e-01 2.287700e-01
3.000000e-02 3.981100e-18 2.729200e-01 2.287700e-01
3.000000e-02 6.309600e-18 2.729200e-01 2.287700e-01
3.000000e-02 1.000000e-17 2.729200e-01 2.287700e-01
3.000000e-02 1.584900e-17 2.729200e-01 2.287700e-01
3.000000e-02 2.511900e-17 2.729200e-01 2.287700e-01
3.000000e-02 3.981100e-17 2.729200e-01 2.287700e-01
3.000000e-02 6.309600e-17 2.729200e-01 2.287700e-01
3.000000e-02 1.000000e-16 2.729200e-01 2.287700e-01
3.000000e-02 1.584900e-16 2.729200e-01 2.287700e-01
3.000000e-02 2.511900e-16 2.729200e-01 2.287700e-01
3.000000e-02 3.981100e-16 2.729200e-01 2.287700e-01
3.000000e-02 6.309600e-16 2.729200e-01 2.287700e-01
3.000000e-02 1.000000e-15 2.729200e-01 2.287700e-01
3.000000e-02 1.584900e-15 2.729200e-01 2.287700e-01
3.000000e-02 2.511900e-15 2.729200e-01 2.287700e-01
3.000000e-02 3.981100e-15 2.729200e-01 2.287700e-01
3.000000e-02 6.309600e-15 2.729200e-01 2.287700e-01
3.000000e-02 1.000000e-14 2.729200e-01 2.287700e-01
4.000000e-02 1.000000e-21 2.729200e-01 2.677000e-01
4.000000e-02 1.584900e-21 2.729200e-01 2.677000e-01
4.000000e-02 2.511900e-21 2.729200e-01 2.677000e-01
4.000000e-02 3.981100e-21 2.729200e-01 2.677000e-01
4.000000e-02 6.309600e-21 2.729200e-01 2.677000e-01
4.000000e-02 1.000000e-20 2.729200e-01 2.677000e-01
4.000000e-02 1.584900e-20 2.729200e-01 2.677000e-01
4.000000e-02 2.511900e-20 2.729200e-01 2.677000e-01
4.000000e-02 3.981100e-20 2.729200e-01 2.677000e-01
4.000000e-02 6.309600e-20 2.729200e-01 2.677000e-01
4.000000e-02 1.000000e-19 2.729200e-01 2.677000e-01
4.000000e-02 1.584900e-19 2.729200e-01 2.677000e-01
4.000000e-02 2.511900e-19 2.729200e-01 2.677000e-01
4.000000e-02 3.981100e-19 2.729200e-01 2.677000e-01
4.000000e-02 6.309600e-19 2.729200e-01 2.677000e-01
4.000000e-02 1.000000e-18 2.729200e-01 2.677000e-01
4.000000e-02 1.584900e-18 2.729200e-01 2.677000e-01
4.000000e-02 2.511900e-18 2.729200e-01 2.677000e-01
4.000000e-02 3.981100e-18 2.729200e-01 2.677000e-01
4.000000e-02 6.309600e-18 2.729200e-01 2.677000e-01
4.000000e-02 1.000000e-17 2.729200e-01 2.677000e-01
4.000000e-02 1.584900e-17 2.729200e-01 2.677000e-01
4.000000e-02 2.511900e-17 2.729200e-01 2.677000e-01
4.000000e-02 3.981100e-17 2.729200e-01 2.677000e-01
4.000000e-02 6.309600e-17 2.729200e-01 2.677000e-01
4.000000e-02 1.000000e-16 2.729200e-01 2.677000e-01
4.000000e-02 1.584900e-16 2.729200e-01 2.677000e-01
4.000000e-02 2.511900e-16 2.729200e-01 2.677000e-01
4.000000e-02 3.981100e-16 2.729200e-01 2.677000e-01
4.000000e-02 6.309600e-16 2.729200e-01 2.677000e-01
4.000000e-02 1.000000e-15 2.729200e-01 2.677000e-01
4.000000e-02 1.584900e-15 2.729200e-01 2.677000e-01
4.000000e-02 2.511900e-15 2.729200e-01 2.677000e-01
4.000000e-02 3.981100e-15 2.729200e-01 2.677000e-01
4.000000e-02 6.309600e-15 2.729200e-01 2.677000e-01
4.000000e-02 1.000000e-14 2.729200e-01 2.677000e-01
5.000000e-02 1.000000e-21 2.740100e-01 6.182800e-01
5.000000e-02 1.584900e-21 2.740100e-01 6.182800e-01
5.000000e-02 2.511900e-21 2.740100e-01 6.182800e-01
5.000000e-02 3.981100e-21 2.740100e-01 6.182800e-01
5.000000e-02 6.309600e-21 2.740100e-01 6.182800e-01
5.000000e-02 1.000000e-20 2.740100e-01 6.182800e-01
5.000000e-02 1.584900e-20 2.740100e-01 6.182800e-01
5.000000e-02 2.511900e-20 2.740100e-01 6.182800e-01
5.000000e-02 3.981100e-20 2.740100e-01 6.182800e-01
5.000000e-02 6.309600e-20 2.740100e-01 6.182800e-01
5.000000e-02 1.000000e-19 2.740100e-01 6.182800e-01
5.000000e-02 1.584900e-19 2.740100e-01 6.182800e-01
5.000000e-02 2.511900e-19 2.740100e-01 6.182800e-01
5.000000e-02 3.981100e-19 2.740100e-01 6.182800e-01
5.000000e-02 6.309600e-19 2.740100e-01 6.182800e-01
5.000000e-02 1.000000e-18 2.740100e-01 6.182800e-01
5.000000e-02 1.584900e-18 2.740100e-01 6.182800e-01
5.000000e-02 2.511900e-18 2.740100e-01 6.182800e-01
5.000000e-02 3.981100e-18 2.740100e-01 6.182800e-01
5.000000e-02 6.309600e-18 2.740100e-01 6.182800e-01
5.000000e-02 1.000000e-17 2.740100e-01 6.182800e-01
5.000000e-02 1.584900e-17 2.740100e-01 6.182800e-01
5.000000e-02 2.511900e-17 2.740100e-01 6.182800e-01
5.000000e-02 3.981100e-17 2.740100e-01 6.182800e-01
5.000000e-02 6.309600e-17 2.740100e-01 6.182800e-01
5.000000e-02 1.000000e-16 2.740100e-01 6.182800e-01
5.000000e-02 1.584900e-16 2.740100e-01 6.182800e-01
5.000000e-02 2.511900e-16 2.740100e-01 6.182800e-01
5.000000e-02 3.981100e-16 2.740100e-01 6.182800e-01
5.000000e-02 6.309600e-16 2.740100e-01 6.182800e-01
5.000000e-02 1.000000e-15 2.740100e-01 6.182800e-01
5.000000e-02 1.584900e-15 2.740100e-01 6.182800e-01
5.000000e-02 2.511900e-15 2.740100e-01 6.182800e-01
5.000000e-02 3.981100e-15 2.740100e-01 6.182800e-01
5.000000e-02 6.309600e-15 2.740100e-01 6.182800e-01
5.000000e-02 1.000000e-14 2.740100e-01 6.182800e-01
6.000000e-02 1.000000e-21 2.729300e-01 4.203800e-01
6.000000e-02 1.584900e-21 2.729300e-01 4.203800e-01
6.000000e-02 2.511900e-21 2.729300e-01 4.203800e-01
6.000000e-02 3.981100e-21 2.729300e-01 4.203800e-01
6.000000e-02 6.309600e-21 2.729300e-01 4.203800e-01
6.000000e-02 1.000000e-20 2.729300e-01 4.203800e-01
6.000000e-02 1.584900e-20 2.729300e-01 4.203800e-01
6.000000e-02 2.511900e-20 2.729300e-01 4.203800e-01
6.000000e-02 3.981100e-20 2.729300e-01 4.203800e-01
6.000000e-02 6.309600e-20 2.729300e-01 4.203800e-01
6.000000e-02 1.000000e-19 2.729300e-01 4.203800e-01
6.000000e-02 1.584900e-19 2.729300e-01 4.203800e-01
6.000000e-02 2.511900e-19 2.729300e-01 4.203800e-01
6.000000e-02 3.981100e-19 2.729300e-01 4.203800e-01
6.000000e-02 6.309600e-19 2.729300e-01 4.203800e-01
6.000000e-02 1.000000e-18 2.729300e-01 4.203800e-01
6.000000e-02 1.584900e-18 2.729300e-01 4.203800e-01
6.000000e-02 2.511900e-18 2.729300e-01 4.203800e-01
6.000000e-02 3.981100e-18 2.729300e-01 4.203800e-01
6.000000e-02 6.309600e-18 2.729300e-01 4.203800e-01
6.000000e-02 1.000000e-17 2.729300e-01 4.203800e-01
6.000000e-02 1.584900e-17 2.729300e-01 4.203800e-01
6.000000e-02 2.511900e-17 2.729300e-01 4.203800e-01
6.000000e-02 3.981100e-17 2.729300e-01 4.203800e-01
6.000000e-02 6.309600e-17 2.729300e-01 4.203800e-01
6.000000e-02 1.000000e-16 2.729300e-01 4.203800e-01
6.000000e-02 1.584900e-16 2.729300e-01 4.203800e-01
6.000000e-02 2.511900e-16 2.729300e-01 4.203800e-01
6.000000e-02 3.981100e-16 2.729300e-01 4.203800e-01
6.000000e-02 6.309600e-16 2.729300e-01 4.203800e-01
6.000000e-02 1.000000e-15 2.729300e-01 4.203800e-01
6.000000e-02 1.584900e-15 2.729300e-01 4.203800e-01
6.000000e-02 2.511900e-15 2.729300e-01 4.203800e-01
6.000000e-02 3.981100e-15 2.729300e-01 4.203800e-01
6.000000e-02 6.309600e-15 2.729300e-01 4.203800e-01
6.000000e-02 1.000000e-14 2.729300e-01 4.203800e-01
7.000000e-02 1.000000e-21 2.710500e-01 1.279800e-02
7.000000e-02 1.584900e-21 2.710500e-01 1.279800e-02
7.000000e-02 2.511900e-21 2.710500e-01 1.279800e-02
7.000000e-02 3.981100e-21 2.710500e-01 1.279800e-02
7.000000e-02 6.309600e-21 2.710500e-01 1.279800e-02
7.000000e-02 1.000000e-20 2.710500e-01 1.279800e-02
7.000000e-02 1.584900e-20 2.710500e-01 1.279800e-02
7.000000e-02 2.511900e-20 2.710500e-01 1.279800e-02
7.000000e-02 3.981100e-20 2.710500e-01 1.279800e-02
7.000000e-02 6.309600e-20 2.710500e-01 1.279800e-02
7.000000e-02 1.000000e-19 2.710500e-01 1.279800e-02
7.000000e-02 1.584900e-19 2.710500e-01 1.279800e-02
7.000000e-02 2.511900e-19 2.710500e-01 1.279800e-02
7.000000e-02 3.981100e-19 2.710500e-01 1.279800e-02
7.000000e-02 6.309600e-19 2.710500e-01 1.279800e-02
7.000000e-02 1.000000e-18 2.710500e-01 1.279800e-02
7.000000e-02 1.584900e-18 2.710500e-01 1.279800e-02
7.000000e-02 2.511900e-18 2.710500e-01 1.279800e-02
7.000000e-02 3.981100e-18 2.710500e-01 1.279800e-02
7.000000e-02 6.309600e-18 2.710500e-01 1.279800e-02
7.000000e-02 1.000000e-17 2.710500e-01 1.279800e-02
7.000000e-02 1.584900e-17 2.710500e-01 1.279800e-02
7.000000e-02 2.511900e-17 2.710500e-01 1.279800e-02
7.000000e-02 3.981100e-17 2.710500e-01 1.279800e-02
7.000000e-02 6.309600e-17 2.710500e-01 1.279800e-02
7.000000e-02 1.000000e-16 2.710500e-01 1.279800e-02
7.000000e-02 1.584900e-16 2.710500e-01 1.279800e-02
7.000000e-02 2.511900e-16 2.710500e-01 1.279800e-02
7.000000e-02 3.981100e-16 2.710500e-01 1.279800e-02
7.000000e-02 6.309600e-16 2.710500e-01 1.279800e-02
7.000000e-02 1.000000e-15 2.710500e-01 1.279800e-02
7.000000e-02 1.584900e-15 2.710500e-01 1.279800e-02
7.000000e-02 2.511900e-15 2.710500e-01 1.279800e-02
7.000000e-02 3.981100e-15 2.710500e-01 1.279800e-02
7.000000e-02 6.309600e-15 2.710500e-01 1.279800e-02
7.000000e-02 1.000000e-14 2.710500e-01 1.279800e-02
8.000000e-02 1.000000e-21 2.706800e-01 1.423000e-04
8.000000e-02 1.584900e-21 2.706800e-01 1.423000e-04
8.000000e-02 2.511900e-21 2.706800e-01 1.423000e-04
8.000000e-02 3.981100e-21 2.706800e-01 1.423000e-04
8.000000e-02 6.309600e-21 2.706800e-01 1.423000e-04
8.000000e-02 1.000000e-20 2.706800e-01 1.423000e-04
8.000000e-02 1.584900e-20 2.706800e-01 1.423000e-04
8.000000e-02 2.511900e-20 2.706800e-01 1.423000e-04
8.000000e-02 3.981100e-20 2.706800e-01 1.423000e-04
8.000000e-02 6.309600e-20 2.706800e-01 1.423000e-04
8.000000e-02 1.000000e-19 2.706800e-01 1.423000e-04
8.000000e-02 1.584900e-19 2.706800e-01 1.423000e-04
8.000000e-02 2.511900e-19 2.706800e-01 1.423000e-04
8.000000e-02 3.981100e-19 2.706800e-01 1.423000e-04
8.000000e-02 6.309600e-19 2.706800e-01 1.423000e-04
8.000000e-02 1.000000e-18 2.706800e-01 1.423000e-04
8.000000e-02 1.584900e-18 2.706800e-01 1.423000e-04
8.000000e-02 2.511900e-18 2.706800e-01 1.423000e-04
8.000000e-02 3.981100e-18 2.706800e-01 1.423000e-04
8.000000e-02 6.309600e-18 2.706800e-01 1.423000e-04
8.000000e-02 1.000000e-17 2.706800e-01 1.423000e-04
8.000000e-02 1.584900e-17 2.706800e-01 1.423000e-04
8.000000e-02 2.511900e-17 2.706800e-01 1.423000e-04
8.000000e-02 3.981100e-17 2.706800e-01 1.423000e-04
8.000000e-02 6.309600e-17 2.706800e-01 1.423000e-04
8.000000e-02 1.000000e-16 2.706800e-01 1.423000e-04
8.000000e-02 1.584900e-16 2.706800e-01 1.423000e-04
8.000000e-02 2.511900e-16 2.706800e-01 1.423000e-04
8.000000e-02 3.981100e-16 2.706800e-01 1.423000e-04
8.000000e-02 6.309600e-16 2.706800e-01 1.423000e-04
8.000000e-02 1.000000e-15 2.706800e-01 1.423000e-04
8.000000e-02 1.584900e-15 2.706800e-01 1.423000e-04
8.000000e-02 2.511900e-15 2.706800e-01 1.423000e-04
8.000000e-02 3.981100e-15 2.706800e-01 1.423000e-04
8.000000e-02 6.309600e-15 2.706800e-01 1.423000e-04
8.000000e-02 1.000000e-14 2.706800e-01 1.423000e-04
9.000000e-02 1.000000e-21 2.706200e-01 6.065100e-04
9.000000e-02 1.584900e-21 2.706200e-01 6.065100e-04
9.000000e-02 2.511900e-21 2.706200e-01 6.065100e-04
9.000000e-02 3.981100e-21 2.706200e-01 6.065100e-04
9.000000e-02 6.309600e-21 2.706200e-01 6.065100e-04
9.000000e-02 1.000000e-20 2.706200e-01 6.065100e-04
9.000000e-02 1.584900e-20 2.706200e-01 6.065100e-04
9.000000e-02 2.511900e-20 2.706200e-01 6.065100e-04
9.000000e-02 3.981100e-20 2.706200e-01 6.065100e-04
9.000000e-02 6.309600e-20 2.706200e-01 6.065100e-04
9.000000e-02 1.000000e-19 2.706200e-01 6.065100e-04
9.000000e-02 1.584900e-19 2.706200e-01 6.065100e-04
9.000000e-02 2.511900e-19 2.706200e-01 6.065100e-04
9.000000e-02 3.981100e-19 2.706200e-01 6.065100e-04
9.000000e-02 6.309600e-19 2.706200e-01 6.065100e-04
9.000000e-02 1.000000e-18 2.706200e-01 6.065100e-04
9.000000e-02 1.584900e-18 2.706200e-01 6.065100e-04
9.000000e-02 2.511900e-18 2.706200e-01 6.065100e-04
9.000000e-02 3.981100e-18 2.706200e-01 6.065100e-04
9.000000e-02 6.309600e-18 2.706200e-01 6.065100e-04
9.000000e-02 1.000000e-17 2.706200e-01 6.065100e-04
9.000000e-02 1.584900e-17 2.706200e-01 6.065100e-04
9.000000e-02 2.511900e-17 2.706200e-01 6.065100e-04
9.000000e-02 3.981100e-17 2.706200e-01 6.065100e-04
9.000000e-02 6.309600e-17 2.706200e-01 6.065100e-04
9.000000e-02 1.000000e-16 2.706200e-01 6.065100e-04
9.000000e-02 1.584900e-16 2.706200e-01 6.065100e-04
9.000000e-02 2.511900e-16 2.706200e-01 6.065100e-04
9.000000e-02 3.981100e-16 2.706200e-01 6.065100e-04
9.000000e-02 6.309600e-16 2.706200e-01 6.065100e-04
9.000000e-02 1.000000e-15 2.706200e-01 6.065100e-04
9.000000e-02 1.584900e-15 2.706200e-01 6.065100e-04
9.000000e-02 2.511900e-15 2.706200e-01 6.065100e-04
9.000000e-02 3.981100e-15 2.706200e-01 6.065100e-04
9.000000e-02 6.309600e-15 2.706200e-01 6.065100e-04
9.000000e-02 1.000000e-14 2.706200e-01 6.065100e-04
1.000000e-01 1.000000e-21 2.705600e-01 3.778400e-05
1.000000e-01 1.584900e-21 2.705600e-01 3.778400e-05
1.000000e-01 2.511900e-21 2.705600e-01 3.778400e-05
1.000000e-01 3.981100e-21 2.705600e-01 3.778400e-05
1.000000e-01 6.309600e-21 2.705600e-01 3.778400e-05
1.000000e-01 1.000000e-20 2.705600e-01 3.778400e-05
1.000000e-01 1.584900e-20 2.705600e-01 3.778400e-05
1.000000e-01 2.511900e-20 2.705600e-01 3.778400e-05
1.000000e-01 3.981100e-20 2.705600e-01 3.778400e-05
1.000000e-01 6.309600e-20 2.705600e-01 3.778400e-05
1.000000e-01 1.000000e-19 2.705600e-01 3.778400e-05
1.000000e-01 1.584900e-19 2.705600e-01 3.778400e-05
1.000000e-01 2.511900e-19 2.705600e-01 3.778400e-05
1.000000e-01 3.981100e-19 2.705600e-01 3.778400e-05
1.000000e-01 6.309600e-19 2.705600e-01 3.778400e-05
1.000000e-01 1.000000e-18 2.705600e-01 3.778400e-05
1.000000e-01 1.584900e-18 2.705600e-01 3.778400e-05
1.000000e-01 2.511900e-18 2.705600e-01 3.778400e-05
1.000000e-01 3.981100e-18 2.705600e-01 3.778400e-05
1.000000e-01 6.309600e-18 2.705600e-01 3.778400e-05
1.000000e-01 1.000000e-17 2.705600e-01 3.778400e-05
1.000000e-01 1.584900e-17 2.705600e-01 3.778400e-05
1.000000e-01 2.511900e-17 2.705600e-01 3.778400e-05
1.000000e-01 3.981100e-17 2.705600e-01 3.778400e-05
1.000000e-01 6.309600e-17 2.705600e-01 3.778400e-05
1.000000e-01 1.000000e-16 2.705600e-01 3.778400e-05
1.000000e-01 1.584900e-16 2.705600e-01 3.778400e-05
1.000000e-01 2.511900e-16 2.705600e-01 3.778400e-05
1.000000e-01 3.981100e-16 2.705600e-01 3.778400e-05
1.000000e-01 6.309600e-16 2.705600e-01 3.778400e-05
1.000000e-01 1.000000e-15 2.705600e-01 3.778400e-05
1.000000e-01 1.584900e-15 2.705600e-01 3.778400e-05
1.000000e-01 2.511900e-15 2.705600e-01 3.778400e-05
1.000000e-01 3.981100e-15 2.705600e-01 3.778400e-05
1.000000e-01 6.309600e-15 2.705600e-01 3.778400e-05
1.000000e-01 1.000000e-14 2.705600e-01 3.778400e-05
1.250000e-01 1.000000e-21 2.703200e-01 8.460200e-07
1.250000e-01 1.584900e-21 2.703200e-01 8.460200e-07
1.250000e-01 2.511900e-21 2.703200e-01 8.460200e-07
1.250000e-01 3.981100e-21 2.703200e-01 8.460200e-07
1.250000e-01 6.309600e-21 2.703200e-01 8.460200e-07
1.250000e-01 1.000000e-20 2.703200e-01 8.460200e-07
1.250000e-01 1.584900e-20 2.703200e-01 8.460200e-07
1.250000e-01 2.511900e-20 2.703200e-01 8.460200e-07
1.250000e-01 3.981100e-20 2.703200e-01 8.460200e-07
1.250000e-01 6.309600e-20 2.703200e-01 8.460200e-07
1.250000e-01 1.000000e-19 2.703200e-01 8.460200e-07
1.250000e-01 1.584900e-19 2.703200e-01 8.460200e-07
1.250000e-01 2.511900e-19 2.703200e-01 8.460200e-07
1.250000e-01 3.981100e-19 2.703200e-01 8.460200e-07
1.250000e-01 6.309600e-19 2.703200e-01 8.460200e-07
1.250000e-01 1.000000e-18 2.703200e-01 8.460200e-07
1.250000e-01 1.584900e-18 2.703200e-01 8.460200e-07
1.250000e-01 2.511900e-18 2.703200e-01 8.460200e-07
1.250000e-01 3.981100e-18 2.703200e-01 8.460200e-07
1.250000e-01 6.309600e-18 2.703200e-01 8.460200e-07
1.250000e-01 1.000000e-17 2.703200e-01 8.460200e-07
1.250000e-01 1.584900e-17 2.703200e-01 8.460200e-07
1.250000e-01 2.511900e-17 2.703200e-01 8.460200e-07
1.250000e-01 3.981100e-17 2.703200e-01 8.460200e-07
1.250000e-01 6.309600e-17 2.703200e-01 8.460200e-07
1.250000e-01 1.000000e-16 2.703200e-01 8.460200e-07
1.250000e-01 1.584900e-16 2.703200e-01 8.460200e-07
1.250000e-01 2.511900e-16 2.703200e-01 8.460200e-07
1.250000e-01 3.981100e-16 2.703200e-01 8.460200e-07
1.250000e-01 6.309600e-16 2.703200e-01 8.460200e-07
1.250000e-01 1.000000e-15 2.703200e-01 8.460200e-07
1.250000e-01 1.584900e-15 2.703200e-01 8.460200e-07
1.250000e-01 2.511900e-15 2.703200e-01 8.460200e-07
1.250000e-01 3.981100e-15 2.703200e-01 8.460200e-07
1.250000e-01 6.309600e-15 2.703200e-01 8.460200e-07
1.250000e-01 1.000000e-14 2.703200e-01 8.460200e-07
1.500000e-01 1.000000e-21 2.701400e-01 2.643800e-07
1.500000e-01 1.584900e-21 2.701400e-01 2.643800e-07
1.500000e-01 2.511900e-21 2.701400e-01 2.643800e-07
1.500000e-01 3.981100e-21 2.701400e-01 2.643800e-07
1.500000e-01 6.309600e-21 2.701400e-01 2.643800e-07
1.500000e-01 1.000000e-20 2.701400e-01 2.643800e-07
1.500000e-01 1.584900e-20 2.701400e-01 2.643800e-07
1.500000e-01 2.511900e-20 2.701400e-01 2.643800e-07
1.500000e-01 3.981100e-20 2.701400e-01 2.643800e-07
1.500000e-01 6.309600e-20 2.701400e-01 2.643800e-07
1.500000e-01 1.000000e-19 2.701400e-01 2.643800e-07
1.500000e-01 1.584900e-19 2.701400e-01 2.643800e-07
1.500000e-01 2.511900e-19 2.701400e-01 2.643800e-07
1.500000e-01 3.981100e-19 2.701400e-01 2.643800e-07
1.500000e-01 6.309600e-19 2.701400e-01 2.643800e-07
1.500000e-01 1.000000e-18 2.701400e-01 2.643800e-07
1.500000e-01 1.584900e-18 2.701400e-01 2.643800e-07
1.500000e-01 2.511900e-18 2.701400e-01 2.643800e-07
1.500000e-01 3.981100e-18 2.701400e-01 2.643800e-07
1.500000e-01 6.309600e-18 2.701400e-01 2.643800e-07
1.500000e-01 1.000000e-17 2.701400e-01 2.643800e-07
1.500000e-01 1.584900e-17 2.701400e-01 2.643800e-07
1.500000e-01 2.511900e-17 2.701400e-01 2.643800e-07
1.500000e-01 3.981100e-17 2.701400e-01 2.643800e-07
1.500000e-01 6.309600e-17 2.701400e-01 2.643800e-07
1.500000e-01 1.000000e-16 2.701400e-01 2.643800e-07
1.500000e-01 1.584900e-16 2.701400e-01 2.643800e-07
1.500000e-01 2.511900e-16 2.701400e-01 2.643800e-07
1.500000e-01 3.981100e-16 2.701400e-01 2.643800e-07
1.500000e-01 6.309600e-16 2.701400e-01 2.643800e-07
1.500000e-01 1.000000e-15 2.701400e-01 2.643800e-07
1.500000e-01 1.584900e-15 2.701400e-01 2.643800e-07
1.500000e-01 2.511900e-15 2.701400e-01 2.643800e-07
1.500000e-01 3.981100e-15 2.701400e-01 2.643800e-07
1.500000e-01 6.309600e-15 2.701400e-01 2.643800e-07
1.500000e-01 1.000000e-14 2.701400e-01 2.643800e-07
1.750000e-01 1.000000e-21 2.699800e-01 1.118200e-07
1.750000e-01 1.584900e-21 2.699800e-01 1.118200e-07
1.750000e-01 2.511900e-21 2.699800e-01 1.118200e-07
1.750000e-01 3.981100e-21 2.699800e-01 1.118200e-07
1.750000e-01 6.309600e-21 2.699800e-01 1.118200e-07
1.750000e-01 1.000000e-20 2.699800e-01 1.118200e-07
1.750000e-01 1.584900e-20 2.699800e-01 1.118200e-07
1.750000e-01 2.511900e-20 2.699800e-01 1.118200e-07
1.750000e-01 3.981100e-20 2.699800e-01 1.118200e-07
1.750000e-01 6.309600e-20 2.699800e-01 1.118200e-07
1.750000e-01 1.000000e-19 2.699800e-01 1.118200e-07
1.750000e-01 1.584900e-19 2.699800e-01 1.118200e-07
1.750000e-01 2.511900e-19 2.699800e-01 1.118200e-07
1.750000e-01 3.981100e-19 2.699800e-01 1.118200e-07
1.750000e-01 6.309600e-19 2.699800e-01 1.118200e-07
1.750000e-01 1.000000e-18 2.699800e-01 1.118200e-07
1.750000e-01 1.584900e-18 2.699800e-01 1.118200e-07
1.750000e-01 2.511900e-18 2.699800e-01 1.118200e-07
1.750000e-01 3.981100e-18 2.699800e-01 1.118200e-07
1.750000e-01 6.309600e-18 2.699800e-01 1.118200e-07
1.750000e-01 1.000000e-17 2.699800e-01 1.118200e-07
1.750000e-01 1.584900e-17 2.699800e-01 1.118200e-07
1.750000e-01 2.511900e-17 2.699800e-01 1.118200e-07
1.750000e-01 3.981100e-17 2.699800e-01 1.118200e-07
1.750000e-01 6.309600e-17 2.699800e-01 1.118200e-07
1.750000e-01 1.000000e-16 2.699800e-01 1.118200e-07
1.750000e-01 1.584900e-16 2.699800e-01 1.118200e-07
1.750000e-01 2.511900e-16 2.699800e-01 1.118200e-07
1.750000e-01 3.981100e-16 2.699800e-01 1.118200e-07
1.750000e-01 6.309600e-16 2.699800e-01 1.118200e-07
1.750000e-01 1.000000e-15 2.699800e-01 1.118200e-07
1.750000e-01 1.584900e-15 2.699800e-01 1.118200e-07
1.750000e-01 2.511900e-15 2.699800e-01 1.118200e-07
1.750000e-01 3.981100e-15 2.699800e-01 1.118200e-07
1.750000e-01 6.309600e-15 2.699800e-01 1.118200e-07
1.750000e-01 1.000000e-14 2.699800e-01 1.118200e-07
2.000000e-01 1.000000e-21 2.698400e-01 2.320500e-08
2.000000e-01 1.584900e-21 2.698400e-01 2.320500e-08
2.000000e-01 2.511900e-21 2.698400e-01 2.320500e-08
2.000000e-01 3.981100e-21 2.698400e-01 2.320500e-08
2.000000e-01 6.309600e-21 2.698400e-01 2.320500e-08
2.000000e-01 1.000000e-20 2.698400e-01 2.320500e-08
2.000000e-01 1.584900e-20 2.698400e-01 2.320500e-08
2.000000e-01 2.511900e-20 2.698400e-01 2.320500e-08
2.000000e-01 3.981100e-20 2.698400e-01 2.320500e-08
2.000000e-01 6.309600e-20 2.698400e-01 2.320500e-08
2.000000e-01 1.000000e-19 2.698400e-01 2.320500e-08
2.000000e-01 1.584900e-19 2.698400e-01 2.320500e-08
2.000000e-01 2.511900e-19 2.698400e-01 2.320500e-08
2.000000e-01 3.981100e-19 2.698400e-01 2.320500e-08
2.000000e-01 6.309600e-19 2.698400e-01 2.320500e-08
2.000000e-01 1.000000e-18 2.698400e-01 2.320500e-08
2.000000e-01 1.584900e-18 2.698400e-01 2.320500e-08
2.000000e-01 2.511900e-18 2.698400e-01 2.320500e-08
2.000000e-01 3.981100e-18 2.698400e-01 2.320500e-08
2.000000e-01 6.309600e-18 2.698400e-01 2.320500e-08
2.000000e-01 1.000000e-17 2.698400e-01 2.320500e-08
2.000000e-01 1.584900e-17 2.698400e-01 2.320500e-08
2.000000e-01 2.511900e-17 2.698400e-01 2.320500e-08
2.000000e-01 3.981100e-17 2.698400e-01 2.320500e-08
2.000000e-01 6.309600e-17 2.698400e-01 2.320500e-08
2.000000e-01 1.000000e-16 2.698400e-01 2.320500e-08
2.000000e-01 1.584900e-16 2.698400e-01 2.320500e-08
2.000000e-01 2.511900e-16 2.698400e-01 2.320500e-08
2.000000e-01 3.981100e-16 2.698400e-01 2.320500e-08
2.000000e-01 6.309600e-16 2.698400e-01 2.320500e-08
2.000000e-01 1.000000e-15 2.698400e-01 2.320500e-08
2.000000e-01 1.584900e-15 2.698400e-01 2.320500e-08
2.000000e-01 2.511900e-15 2.698400e-01 2.320500e-08
2.000000e-01 3.981100e-15 2.698400e-01 2.320500e-08
2.000000e-01 6.309600e-15 2.698400e-01 2.320500e-08
2.000000e-01 1.000000e-14 2.698400e-01 2.320500e-08
2.250000e-01 1.000000e-21 2.695700e-01 2.058700e-08
2.250000e-01 1.584900e-21 2.695700e-01 2.058700e-08
2.250000e-01 2.511900e-21 2.695700e-01 2.058700e-08
2.250000e-01 3.981100e-21 2.695700e-01 2.058700e-08
2.250000e-01 6.309600e-21 2.695700e-01 2.058700e-08
2.250000e-01 1.000000e-20 2.695700e-01 2.058700e-08
2.250000e-01 1.584900e-20 2.695700e-01 2.058700e-08
2.250000e-01 2.511900e-20 2.695700e-01 2.058700e-08
2.250000e-01 3.981100e-20 2.695700e-01 2.058700e-08
2.250000e-01 6.309600e-20 2.695700e-01 2.058700e-08
2.250000e-01 1.000000e-19 2.695700e-01 2.058700e-08
2.250000e-01 1.584900e-19 2.695700e-01 2.058700e-08
2.250000e-01 2.511900e-19 2.695700e-01 2.058700e-08
2.250000e-01 3.981100e-19 2.695700e-01 2.058700e-08
2.250000e-01 6.309600e-19 2.695700e-01 2.058700e-08
2.250000e-01 1.000000e-18 2.695700e-01 2.058700e-08
2.250000e-01 1.584900e-18 2.695700e-01 2.058700e-08
2.250000e-01 2.511900e-18 2.695700e-01 2.058700e-08
2.250000e-01 3.981100e-18 2.695700e-01 2.058700e-08
2.250000e-01 6.309600e-18 2.695700e-01 2.058700e-08
2.250000e-01 1.000000e-17 2.695700e-01 2.058700e-08
2.250000e-01 1.584900e-17 2.695700e-01 2.058700e-08
2.250000e-01 2.511900e-17 2.695700e-01 2.058700e-08
2.250000e-01 3.981100e-17 2.695700e-01 2.058700e-08
2.250000e-01 6.309600e-17 2.695700e-01 2.058700e-08
2.250000e-01 1.000000e-16 2.695700e-01 2.058700e-08
2.250000e-01 1.584900e-16 2.695700e-01 2.058700e-08
2.250000e-01 2.511900e-16 2.695700e-01 2.058700e-08
2.250000e-01 3.981100e-16 2.695700e-01 2.058700e-08
2.250000e-01 6.309600e-16 2.695700e-01 2.058700e-08
2.250000e-01 1.000000e-15 2.695700e-01 2.058700e-08
2.250000e-01 1.584900e-15 2.695700e-01 2.058700e-08
2.250000e-01 2.511900e-15 2.695700e-01 2.058700e-08
2.250000e-01 3.981100e-15 2.695700e-01 2.058700e-08
2.250000e-01 6.309600e-15 2.695700e-01 2.058700e-08
2.250000e-01 1.000000e-14 2.695700e-01 2.058700e-08
2.500000e-01 1.000000e-21 2.693200e-01 6.938300e-08
2.500000e-01 1.584900e-21 2.693200e-01 6.938300e-08
2.500000e-01 2.511900e-21 2.693200e-01 6.938300e-08
2.500000e-01 3.981100e-21 2.693200e-01 6.938300e-08
2.500000e-01 6.309600e-21 2.693200e-01 6.938300e-08
2.500000e-01 1.000000e-20 2.693200e-01 6.938300e-08
2.500000e-01 1.584900e-20 2.693200e-01 6.938300e-08
2.500000e-01 2.511900e-20 2.693200e-01 6.938300e-08
2.500000e-01 3.981100e-20 2.693200e-01 6.938300e-08
2.500000e-01 6.309600e-20 2.693200e-01 6.938300e-08
2.500000e-01 1.000000e-19 2.693200e-01 6.938300e-08
2.500000e-01 1.584900e-19 2.693200e-01 6.938300e-08
2.500000e-01 2.511900e-19 2.693200e-01 6.938300e-08
2.500000e-01 3.981100e-19 2.693200e-01 6.938300e-08
2.500000e-01 6.309600e-19 2.693200e-01 6.938300e-08
2.500000e-01 1.000000e-18 2.693200e-01 6.938300e-08
2.500000e-01 1.584900e-18 2.693200e-01 6.938300e-08
2.500000e-01 2.511900e-18 2.693200e-01 6.938300e-08
2.500000e-01 3.981100e-18 2.693200e-01 6.938300e-08
2.500000e-01 6.309600e-18 2.693200e-01 6.938300e-08
2.500000e-01 1.000000e-17 2.693200e-01 6.938300e-08
2.500000e-01 1.584900e-17 2.693200e-01 6.938300e-08
2.500000e-01 2.511900e-17 2.693200e-01 6.938300e-08
2.500000e-01 3.981100e-17 2.693200e-01 6.938300e-08
2.500000e-01 6.309600e-17 2.693200e-01 6.938300e-08
2.500000e-01 1.000000e-16 2.693200e-01 6.938300e-08
2.500000e-01 1.584900e-16 2.693200e-01 6.938300e-08
2.500000e-01 2.511900e-16 2.693200e-01 6.938300e-08
2.500000e-01 3.981100e-16 2.693200e-01 6.938300e-08
2.500000e-01 6.309600e-16 2.693200e-01 6.938300e-08
2.500000e-01 1.000000e-15 2.693200e-01 6.938300e-08
2.500000e-01 1.584900e-15 2.693200e-01 6.938300e-08
2.500000e-01 2.511900e-15 2.693200e-01 6.938300e-08
2.500000e-01 3.981100e-15 2.693200e-01 6.938300e-08
2.500000e-01 6.309600e-15 2.693200e-01 6.938300e-08
2.500000e-01 1.000000e-14 2.693200e-01 6.938300e-08
2.750000e-01 1.000000e-21 2.691100e-01 3.211900e-07
2.750000e-01 1.584900e-21 2.691100e-01 3.211900e-07
2.750000e-01 2.511900e-21 2.691100e-01 3.211900e-07
2.750000e-01 3.981100e-21 2.691100e-01 3.211900e-07
2.750000e-01 6.309600e-21 2.691100e-01 3.211900e-07
2.750000e-01 1.000000e-20 2.691100e-01 3.211900e-07
2.750000e-01 1.584900e-20 2.691100e-01 3.211900e-07
2.750000e-01 2.511900e-20 2.691100e-01 3.211900e-07
2.750000e-01 3.981100e-20 2.691100e-01 3.211900e-07
2.750000e-01 6.309600e-20 2.691100e-01 3.211900e-07
2.750000e-01 1.000000e-19 2.691100e-01 3.211900e-07
2.750000e-01 1.584900e-19 2.691100e-01 3.211900e-07
2.750000e-01 2.511900e-19 2.691100e-01 3.211900e-07
2.750000e-01 3.981100e-19 2.691100e-01 3.211900e-07
2.750000e-01 6.309600e-19 2.691100e-01 3.211900e-07
2.750000e-01 1.000000e-18 2.691100e-01 3.211900e-07
2.750000e-01 1.584900e-18 2.691100e-01 3.211900e-07
2.750000e-01 2.511900e-18 2.691100e-01 3.211900e-07
2.750000e-01 3.981100e-18 2.691100e-01 3.211900e-07
2.750000e-01 6.309600e-18 2.691100e-01 3.211900e-07
2.750000e-01 1.000000e-17 2.691100e-01 3.211900e-07
2.750000e-01 1.584900e-17 2.691100e-01 3.211900e-07
2.750000e-01 2.511900e-17 2.691100e-01 3.211900e-07
2.750000e-01 3.981100e-17 2.691100e-01 3.211900e-07
2.750000e-01 6.309600e-17 2.691100e-01 3.211900e-07
2.750000e-01 1.000000e-16 2.691100e-01 3.211900e-07
2.750000e-01 1.584900e-16 2.691100e-01 3.211900e-07
2.750000e-01 2.511900e-16 2.691100e-01 3.211900e-07
2.750000e-01 3.981100e-16 2.691100e-01 3.211900e-07
2.750000e-01 6.309600e-16 2.691100e-01 3.211900e-07
2.750000e-01 1.000000e-15 2.691100e-01 3.211900e-07
2.750000e-01 1.584900e-15 2.691100e-01 3.211900e-07
2.750000e-01 2.511900e-15 2.691100e-01 3.211900e-07
2.750000e-01 3.981100e-15 2.691100e-01 3.211900e-07
2.750000e-01 6.309600e-15 2.691100e-01 3.211900e-07
2.750000e-01 1.000000e-14 2.691100e-01 3.211900e-07
3.000000e-01 1.000000e-21 2.689200e-01 3.999300e-07
3.000000e-01 1.584900e-21 2.689200e-01 3.999300e-07
3.000000e-01 2.511900e-21 2.689200e-01 3.999300e-07
3.000000e-01 3.981100e-21 2.689200e-01 3.999300e-07
3.000000e-01 6.309600e-21 2.689200e-01 3.999300e-07
3.000000e-01 1.000000e-20 2.689200e-01 3.999300e-07
3.000000e-01 1.584900e-20 2.689200e-01 3.999300e-07
3.000000e-01 2.511900e-20 2.689200e-01 3.999300e-07
3.000000e-01 3.981100e-20 2.689200e-01 3.999300e-07
3.000000e-01 6.309600e-20 2.689200e-01 3.999300e-07
3.000000e-01 1.000000e-19 2.689200e-01 3.999300e-07
3.000000e-01 1.584900e-19 2.689200e-01 3.999300e-07
3.000000e-01 2.511900e-19 2.689200e-01 3.999300e-07
3.000000e-01 3.981100e-19 2.689200e-01 3.999300e-07
3.000000e-01 6.309600e-19 2.689200e-01 3.999300e-07
3.000000e-01 1.000000e-18 2.689200e-01 3.999300e-07
3.000000e-01 1.584900e-18 2.689200e-01 3.999300e-07
3.000000e-01 2.511900e-18 2.689200e-01 3.999300e-07
3.000000e-01 3.981100e-18 2.689200e-01 3.999300e-07
3.000000e-01 6.309600e-18 2.689200e-01 3.999300e-07
3.000000e-01 1.000000e-17 2.689200e-01 3.999300e-07
3.000000e-01 1.584900e-17 2.689200e-01 3.999300e-07
3.000000e-01 2.511900e-17 2.689200e-01 3.999300e-07
3.000000e-01 3.981100e-17 2.689200e-01 3.999300e-07
3.000000e-01 6.309600e-17 2.689200e-01 3.999300e-07
3.000000e-01 1.000000e-16 2.689200e-01 3.999300e-07
3.000000e-01 1.584900e-16 2.689200e-01 3.999300e-07
3.000000e-01 2.511900e-16 2.689200e-01 3.999300e-07
3.000000e-01 3.981100e-16 2.689200e-01 3.999300e-07
3.000000e-01 6.309600e-16 2.689200e-01 3.999300e-07
3.000000e-01 1.000000e-15 2.689200e-01 3.999300e-07
3.000000e-01 1.584900e-15 2.689200e-01 3.999300e-07
3.000000e-01 2.511900e-15 2.689200e-01 3.999300e-07
3.000000e-01 3.981100e-15 2.689200e-01 3.999300e-07
3.000000e-01 6.309600e-15 2.689200e-01 3.999300e-07
3.000000e-01 1.000000e-14 2.689200e-01 3.999300e-07
3.500000e-01 1.000000e-21 2.685700e-01 1.475400e-07
3.500000e-01 1.584900e-21 2.685700e-01 1.475400e-07
3.500000e-01 2.511900e-21 2.685700e-01 1.475400e-07
3.500000e-01 3.981100e-21 2.685700e-01 1.475400e-07
3.500000e-01 6.309600e-21 2.685700e-01 1.475400e-07
3.500000e-01 1.000000e-20 2.685700e-01 1.475400e-07
3.500000e-01 1.584900e-20 2.685700e-01 1.475400e-07
3.500000e-01 2.511900e-20 2.685700e-01 1.475400e-07
3.500000e-01 3.981100e-20 2.685700e-01 1.475400e-07
3.500000e-01 6.309600e-20 2.685700e-01 1.475400e-07
3.500000e-01 1.000000e-19 2.685700e-01 1.475400e-07
3.500000e-01 1.584900e-19 2.685700e-01 1.475400e-07
3.500000e-01 2.511900e-19 2.685700e-01 1.475400e-07
3.500000e-01 3.981100e-19 2.685700e-01 1.475400e-07
3.500000e-01 6.309600e-19 2.685700e-01 1.475400e-07
3.500000e-01 1.000000e-18 2.685700e-01 1.475400e-07
3.500000e-01 1.584900e-18 2.685700e-01 1.475400e-07
3.500000e-01 2.511900e-18 2.685700e-01 1.475400e-07
3.500000e-01 3.981100e-18 2.685700e-01 1.475400e-07
3.500000e-01 6.309600e-18 2.685700e-01 1.475400e-07
3.500000e-01 1.000000e-17 2.685700e-01 1.475400e-07
3.500000e-01 1.584900e-17 2.685700e-01 1.475400e-07
3.500000e-01 2.511900e-17 2.685700e-01 1.475400e-07
3.500000e-01 3.981100e-17 2.685700e-01 1.475400e-07
3.500000e-01 6.309600e-17 2.685700e-01 1.475400e-07
3.500000e-01 1.000000e-16 2.685700e-01 1.475400e-07
3.500000e-01 1.584900e-16 2.685700e-01 1.475400e-07
3.500000e-01 2.511900e-16 2.685700e-01 1.475400e-07
3.500000e-01 3.981100e-16 2.685700e-01 1.475400e-07
3.500000e-01 6.309600e-16 2.685700e-01 1.475400e-07
3.500000e-01 1.000000e-15 2.685700e-01 1.475400e-07
3.500000e-01 1.584900e-15 2.685700e-01 1.475400e-07
3.500000e-01 2.511900e-15 2.685700e-01 1.475400e-07
3.500000e-01 3.981100e-15 2.685700e-01 1.475400e-07
3.500000e-01 6.309600e-15 2.685700e-01 1.475400e-07
3.500000e-01 1.000000e-14 2.685700e-01 1.475400e-07
4.000000e-01 1.000000e-21 2.682600e-01 4.763300e-08
4.000000e-01 1.584900e-21 2.682600e-01 4.763300e-08
4.000000e-01 2.511900e-21 2.682600e-01 4.763300e-08
4.000000e-01 3.981100e-21 2.682600e-01 4.763300e-08
4.000000e-01 6.309600e-21 2.682600e-01 4.763300e-08
4.000000e-01 1.000000e-20 2.682600e-01 4.763300e-08
4.000000e-01 1.584900e-20 2.682600e-01 4.763300e-08
4.000000e-01 2.511900e-20 2.682600e-01 4.763300e-08
4.000000e-01 3.981100e-20 2.682600e-01 4.763300e-08
4.000000e-01 6.309600e-20 2.682600e-01 4.763300e-08
4.000000e-01 1.000000e-19 2.682600e-01 4.763300e-08
4.000000e-01 1.584900e-19 2.682600e-01 4.763300e-08
4.000000e-01 2.511900e-19 2.682600e-01 4.763300e-08
4.000000e-01 3.981100e-19 2.682600e-01 4.763300e-08
4.000000e-01 6.309600e-19 2.682600e-01 4.763300e-08
4.000000e-01 1.000000e-18 2.682600e-01 4.763300e-08
4.000000e-01 1.584900e-18 2.682600e-01 4.763300e-08
4.000000e-01 2.511900e-18 2.682600e-01 4.763300e-08
4.000000e-01 3.981100e-18 2.682600e-01 4.763300e-08
4.000000e-01 6.309600e-18 2.682600e-01 4.763300e-08
4.000000e-01 1.000000e-17 2.682600e-01 4.763300e-08
4.000000e-01 1.584900e-17 2.682600e-01 4.763300e-08
4.000000e-01 2.511900e-17 2.682600e-01 4.763300e-08
4.000000e-01 3.981100e-17 2.682600e-01 4.763300e-08
4.000000e-01 6.309600e-17 2.682600e-01 4.763300e-08
4.000000e-01 1.000000e-16 2.682600e-01 4.763300e-08
4.000000e-01 1.584900e-16 2.682600e-01 4.763300e-08
4.000000e-01 2.511900e-16 2.682600e-01 4.763300e-08
4.000000e-01 3.981100e-16 2.682600e-01 4.763300e-08
4.000000e-01 6.309600e-16 2.682600e-01 4.763300e-08
4.000000e-01 1.000000e-15 2.682600e-01 4.763300e-08
4.000000e-01 1.584900e-15 2.682600e-01 4.763300e-08
4.000000e-01 2.511900e-15 2.682600e-01 4.763300e-08
4.000000e-01 3.981100e-15 2.682600e-01 4.763300e-08
4.000000e-01 6.309600e-15 2.682600e-01 4.763300e-08
4.000000e-01 1.000000e-14 2.682600e-01 4.763300e-08
4.500000e-01 1.000000e-21 2.679900e-01 1.356400e-08
4.500000e-01 1.584900e-21 2.679900e-01 1.356400e-08
4.500000e-01 2.511900e-21 2.679900e-01 1.356400e-08
4.500000e-01 3.981100e-21 2.679900e-01 1.356400e-08
4.500000e-01 6.309600e-21 2.679900e-01 1.356400e-08
4.500000e-01 1.000000e-20 2.679900e-01 1.356400e-08
4.500000e-01 1.584900e-20 2.679900e-01 1.356400e-08
4.500000e-01 2.511900e-20 2.679900e-01 1.356400e-08
4.500000e-01 3.981100e-20 2.679900e-01 1.356400e-08
4.500000e-01 6.309600e-20 2.679900e-01 1.356400e-08
4.500000e-01 1.000000e-19 2.679900e-01 1.356400e-08
4.500000e-01 1.584900e-19 2.679900e-01 1.356400e-08
4.500000e-01 2.511900e-19 2.679900e-01 1.356400e-08
4.500000e-01 3.981100e-19 2.679900e-01 1.356400e-08
4.500000e-01 6.309600e-19 2.679900e-01 1.356400e-08
4.500000e-01 1.000000e-18 2.679900e-01 1.356400e-08
4.500000e-01 1.584900e-18 2.679900e-01 1.356400e-08
4.500000e-01 2.511900e-18 2.679900e-01 1.356400e-08
4.500000e-01 3.981100e-18 2.679900e-01 1.356400e-08
4.500000e-01 6.309600e-18 2.679900e-01 1.356400e-08
4.500000e-01 1.000000e-17 2.679900e-01 1.356400e-08
4.500000e-01 1.584900e-17 2.679900e-01 1.356400e-08
4.500000e-01 2.511900e-17 2.679900e-01 1.356400e-08
4.500000e-01 3.981100e-17 2.679900e-01 1.356400e-08
4.500000e-01 6.309600e-17 2.679900e-01 1.356400e-08
4.500000e-01 1.000000e-16 2.679900e-01 1.356400e-08
4.500000e-01 1.584900e-16 2.679900e-01 1.356400e-08
4.500000e-01 2.511900e-16 2.679900e-01 1.356400e-08
4.500000e-01 3.981100e-16 2.679900e-01 1.356400e-08
4.500000e-01 6.309600e-16 2.679900e-01 1.356400e-08
4.500000e-01 1.000000e-15 2.679900e-01 1.356400e-08
4.500000e-01 1.584900e-15 2.679900e-01 1.356400e-08
4.500000e-01 2.511900e-15 2.679900e-01 1.356400e-08
4.500000e-01 3.981100e-15 2.679900e-01 1.356400e-08
4.500000e-01 6.309600e-15 2.679900e-01 1.356400e-08
4.500000e-01 1.000000e-14 2.679900e-01 1.356400e-08
5.000000e-01 1.000000e-21 2.677400e-01 5.250200e-09
5.000000e-01 1.584900e-21 2.677400e-01 5.250200e-09
5.000000e-01 2.511900e-21 2.677400e-01 5.250200e-09
5.000000e-01 3.981100e-21 2.677400e-01 5.250200e-09
5.000000e-01 6.309600e-21 2.677400e-01 5.250200e-09
5.000000e-01 1.000000e-20 2.677400e-01 5.250200e-09
5.000000e-01 1.584900e-20 2.677400e-01 5.250200e-09
5.000000e-01 2.511900e-20 2.677400e-01 5.250200e-09
5.000000e-01 3.981100e-20 2.677400e-01 5.250200e-09
5.000000e-01 6.309600e-20 2.677400e-01 5.250200e-09
5.000000e-01 1.000000e-19 2.677400e-01 5.250200e-09
5.000000e-01 1.584900e-19 2.677400e-01 5.250200e-09
5.000000e-01 2.511900e-19 2.677400e-01 5.250200e-09
5.000000e-01 3.981100e-19 2.677400e-01 5.250200e-09
5.000000e-01 6.309600e-19 2.677400e-01 5.250200e-09
5.000000e-01 1.000000e-18 2.677400e-01 5.250200e-09
5.000000e-01 1.584900e-18 2.677400e-01 5.250200e-09
5.000000e-01 2.511900e-18 2.677400e-01 5.250200e-09
5.000000e-01 3.981100e-18 2.677400e-01 5.250200e-09
5.000000e-01 6.309600e-18 2.677400e-01 5.250200e-09
5.000000e-01 1.000000e-17 2.677400e-01 5.250200e-09
5.000000e-01 1.584900e-17 2.677400e-01 5.250200e-09
5.000000e-01 2.511900e-17 2.677400e-01 5.250200e-09
5.000000e-01 3.981100e-17 2.677400e-01 5.250200e-09
5.000000e-01 6.309600e-17 2.677400e-01 5.250200e-09
5.000000e-01 1.000000e-16 2.677400e-01 5.250200e-09
5.000000e-01 1.584900e-16 2.677400e-01 5.250200e-09
5.000000e-01 2.511900e-16 2.677400e-01 5.250200e-09
5.000000e-01 3.981100e-16 2.677400e-01 5.250200e-09
5.000000e-01 6.309600e-16 2.677400e-01 5.250200e-09
5.000000e-01 1.000000e-15 2.677400e-01 5.250200e-09
5.000000e-01 1.584900e-15 2.677400e-01 5.250200e-09
5.000000e-01 2.511900e-15 2.677400e-01 5.250200e-09
5.000000e-01 3.981100e-15 2.677400e-01 5.250200e-09
5.000000e-01 6.309600e-15 2.677400e-01 5.250200e-09
5.000000e-01 1.000000e-14 2.677400e-01 5.250200e-09
5.500000e-01 1.000000e-21 2.672600e-01 2.299900e-09
5.500000e-01 1.584900e-21 2.672600e-01 2.299900e-09
5.500000e-01 2.511900e-21 2.672600e-01 2.299900e-09
5.500000e-01 3.981100e-21 2.672600e-01 2.299900e-09
5.500000e-01 6.309600e-21 2.672600e-01 2.299900e-09
5.500000e-01 1.000000e-20 2.672600e-01 2.299900e-09
5.500000e-01 1.584900e-20 2.672600e-01 2.299900e-09
5.500000e-01 2.511900e-20 2.672600e-01 2.299900e-09
5.500000e-01 3.981100e-20 2.672600e-01 2.299900e-09
5.500000e-01 6.309600e-20 2.672600e-01 2.299900e-09
5.500000e-01 1.000000e-19 2.672600e-01 2.299900e-09
5.500000e-01 1.584900e-19 2.672600e-01 2.299900e-09
5.500000e-01 2.511900e-19 2.672600e-01 2.299900e-09
5.500000e-01 3.981100e-19 2.672600e-01 2.299900e-09
5.500000e-01 6.309600e-19 2.672600e-01 2.299900e-09
5.500000e-01 1.000000e-18 2.672600e-01 2.299900e-09
5.500000e-01 1.584900e-18 2.672600e-01 2.299900e-09
5.500000e-01 2.511900e-18 2.672600e-01 2.299900e-09
5.500000e-01 3.981100e-18 2.672600e-01 2.299900e-09
5.500000e-01 6.309600e-18 2.672600e-01 2.299900e-09
5.500000e-01 1.000000e-17 2.672600e-01 2.299900e-09
5.500000e-01 1.584900e-17 2.672600e-01 2.299900e-09
5.500000e-01 2.511900e-17 2.672600e-01 2.299900e-09
5.500000e-01 3.981100e-17 2.672600e-01 2.299900e-09
5.500000e-01 6.309600e-17 2.672600e-01 2.299900e-09
5.500000e-01 1.000000e-16 2.672600e-01 2.299900e-09
5.500000e-01 1.584900e-16 2.672600e-01 2.299900e-09
5.500000e-01 2.511900e-16 2.672600e-01 2.299900e-09
5.500000e-01 3.981100e-16 2.672600e-01 2.299900e-09
5.500000e-01 6.309600e-16 2.672600e-01 2.299900e-09
5.500000e-01 1.000000e-15 2.672600e-01 2.299900e-09
5.500000e-01 1.584900e-15 2.672600e-01 2.299900e-09
5.500000e-01 2.511900e-15 2.672600e-01 2.299900e-09
5.500000e-01 3.981100e-15 2.672600e-01 2.299900e-09
5.500000e-01 6.309600e-15 2.672600e-01 2.299900e-09
5.500000e-01 1.000000e-14 2.672600e-01 2.299900e-09
6.000000e-01 1.000000e-21 2.668200e-01 1.195400e-09
6.000000e-01 1.584900e-21 2.668200e-01 1.195400e-09
6.000000e-01 2.511900e-21 2.668200e-01 1.195400e-09
6.000000e-01 3.981100e-21 2.668200e-01 1.195400e-09
6.000000e-01 6.309600e-21 2.668200e-01 1.195400e-09
6.000000e-01 1.000000e-20 2.668200e-01 1.195400e-09
6.000000e-01 1.584900e-20 2.668200e-01 1.195400e-09
6.000000e-01 2.511900e-20 2.668200e-01 1.195400e-09
6.000000e-01 3.981100e-20 2.668200e-01 1.195400e-09
6.000000e-01 6.309600e-20 2.668200e-01 1.195400e-09
6.000000e-01 1.000000e-19 2.668200e-01 1.195400e-09
6.000000e-01 1.584900e-19 2.668200e-01 1.195400e-09
6.000000e-01 2.511900e-19 2.668200e-01 1.195400e-09
6.000000e-01 3.981100e-19 2.668200e-01 1.195400e-09
6.000000e-01 6.309600e-19 2.668200e-01 1.195400e-09
6.000000e-01 1.000000e-18 2.668200e-01 1.195400e-09
6.000000e-01 1.584900e-18 2.668200e-01 1.195400e-09
6.000000e-01 2.511900e-18 2.668200e-01 1.195400e-09
6.000000e-01 3.981100e-18 2.668200e-01 1.195400e-09
6.000000e-01 6.309600e-18 2.668200e-01 1.195400e-09
6.000000e-01 1.000000e-17 2.668200e-01 1.195400e-09
6.000000e-01 1.584900e-17 2.668200e-01 1.195400e-09
6.000000e-01 2.511900e-17 2.668200e-01 1.195400e-09
6.000000e-01 3.981100e-17 2.668200e-01 1.195400e-09
6.000000e-01 6.309600e-17 2.668200e-01 1.195400e-09
6.000000e-01 1.000000e-16 2.668200e-01 1.195400e-09
6.000000e-01 1.584900e-16 2.668200e-01 1.195400e-09
6.000000e-01 2.511900e-16 2.668200e-01 1.195400e-09
6.000000e-01 3.981100e-16 2.668200e-01 1.195400e-09
6.000000e-01 6.309600e-16 2.668200e-01 1.195400e-09
6.000000e-01 1.000000e-15 2.668200e-01 1.195400e-09
6.000000e-01 1.584900e-15 2.668200e-01 1.195400e-09
6.000000e-01 2.511900e-15 2.668200e-01 1.195400e-09
6.000000e-01 3.981100e-15 2.668200e-01 1.195400e-09
6.000000e-01 6.309600e-15 2.668200e-01 1.195400e-09
6.000000e-01 1.000000e-14 2.668200e-01 1.195400e-09
6.500000e-01 1.000000e-21 2.664200e-01 6.625400e-10
6.500000e-01 1.584900e-21 2.664200e-01 6.625400e-10
6.500000e-01 2.511900e-21 2.664200e-01 6.625400e-10
6.500000e-01 3.981100e-21 2.664200e-01 6.625400e-10
6.500000e-01 6.309600e-21 2.664200e-01 6.625400e-10
6.500000e-01 1.000000e-20 2.664200e-01 6.625400e-10
6.500000e-01 1.584900e-20 2.664200e-01 6.625400e-10
6.500000e-01 2.511900e-20 2.664200e-01 6.625400e-10
6.500000e-01 3.981100e-20 2.664200e-01 6.625400e-10
6.500000e-01 6.309600e-20 2.664200e-01 6.625400e-10
6.500000e-01 1.000000e-19 2.664200e-01 6.625400e-10
6.500000e-01 1.584900e-19 2.664200e-01 6.625400e-10
6.500000e-01 2.511900e-19 2.664200e-01 6.625400e-10
6.500000e-01 3.981100e-19 2.664200e-01 6.625400e-10
6.500000e-01 6.309600e-19 2.664200e-01 6.625400e-10
6.500000e-01 1.000000e-18 2.664200e-01 6.625400e-10
6.500000e-01 1.584900e-18 2.664200e-01 6.625400e-10
6.500000e-01 2.511900e-18 2.664200e-01 6.625400e-10
6.500000e-01 3.981100e-18 2.664200e-01 6.625400e-10
6.500000e-01 6.309600e-18 2.664200e-01 6.625400e-10
6.500000e-01 1.000000e-17 2.664200e-01 6.625400e-10
6.500000e-01 1.584900e-17 2.664200e-01 6.625400e-10
6.500000e-01 2.511900e-17 2.664200e-01 6.625400e-10
6.500000e-01 3.981100e-17 2.664200e-01 6.625400e-10
6.500000e-01 6.309600e-17 2.664200e-01 6.625400e-10
6.500000e-01 1.000000e-16 2.664200e-01 6.625400e-10
6.500000e-01 1.584900e-16 2.664200e-01 6.625400e-10
6.500000e-01 2.511900e-16 2.664200e-01 6.625400e-10
6.500000e-01 3.981100e-16 2.664200e-01 6.625400e-10
6.500000e-01 6.309600e-16 2.664200e-01 6.625400e-10
6.500000e-01 1.000000e-15 2.664200e-01 6.625400e-10
6.500000e-01 1.584900e-15 2.664200e-01 6.625400e-10
6.500000e-01 2.511900e-15 2.664200e-01 6.625400e-10
6.500000e-01 3.981100e-15 2.664200e-01 6.625400e-10
6.500000e-01 6.309600e-15 2.664200e-01 6.625400e-10
6.500000e-01 1.000000e-14 2.664200e-01 6.625400e-10
7.000000e-01 1.000000e-21 2.660500e-01 6.232600e-11
7.000000e-01 1.584900e-21 2.660500e-01 6.232600e-11
7.000000e-01 2.511900e-21 2.660500e-01 6.232600e-11
7.000000e-01 3.981100e-21 2.660500e-01 6.232600e-11
7.000000e-01 6.309600e-21 2.660500e-01 6.232600e-11
7.000000e-01 1.000000e-20 2.660500e-01 6.232600e-11
7.000000e-01 1.584900e-20 2.660500e-01 6.232600e-11
7.000000e-01 2.511900e-20 2.660500e-01 6.232600e-11
7.000000e-01 3.981100e-20 2.660500e-01 6.232600e-11
7.000000e-01 6.309600e-20 2.660500e-01 6.232600e-11
7.000000e-01 1.000000e-19 2.660500e-01 6.232600e-11
7.000000e-01 1.584900e-19 2.660500e-01 6.232600e-11
7.000000e-01 2.511900e-19 2.660500e-01 6.232600e-11
7.000000e-01 3.981100e-19 2.660500e-01 6.232600e-11
7.000000e-01 6.309600e-19 2.660500e-01 6.232600e-11
7.000000e-01 1.000000e-18 2.660500e-01 6.232600e-11
7.000000e-01 1.584900e-18 2.660500e-01 6.232600e-11
7.000000e-01 2.511900e-18 2.660500e-01 6.232600e-11
7.000000e-01 3.981100e-18 2.660500e-01 6.232600e-11
7.000000e-01 6.309600e-18 2.660500e-01 6.232600e-11
7.000000e-01 1.000000e-17 2.660500e-01 6.232600e-11
7.000000e-01 1.584900e-17 2.660500e-01 6.232600e-11
7.000000e-01 2.511900e-17 2.660500e-01 6.232600e-11
7.000000e-01 3.981100e-17 2.660500e-01 6.232600e-11
7.000000e-01 6.309600e-17 2.660500e-01 6.232600e-11
7.000000e-01 1.000000e-16 2.660500e-01 6.232600e-11
7.000000e-01 1.584900e-16 2.660500e-01 6.232600e-11
7.000000e-01 2.511900e-16 2.660500e-01 6.232600e-11
7.000000e-01 3.981100e-16 2.660500e-01 6.232600e-11
7.000000e-01 6.309600e-16 2.660500e-01 6.232600e-11
7.000000e-01 1.000000e-15 2.660500e-01 6.232600e-11
7.000000e-01 1.584900e-15 2.660500e-01 6.232600e-11
7.000000e-01 2.511900e-15 2.660500e-01 6.232600e-11
7.000000e-01 3.981100e-15 2.660500e-01 6.232600e-11
7.000000e-01 6.309600e-15 2.660500e-01 6.232600e-11
7.000000e-01 1.000000e-14 2.660500e-01 6.232600e-11
8.000000e-01 1.000000e-21 2.653800e-01 1.027100e-11
8.000000e-01 1.584900e-21 2.653800e-01 1.027100e-11
8.000000e-01 2.511900e-21 2.653800e-01 1.027100e-11
8.000000e-01 3.981100e-21 2.653800e-01 1.027100e-11
8.000000e-01 6.309600e-21 2.653800e-01 1.027100e-11
8.000000e-01 1.000000e-20 2.653800e-01 1.027100e-11
8.000000e-01 1.584900e-20 2.653800e-01 1.027100e-11
8.000000e-01 2.511900e-20 2.653800e-01 1.027100e-11
8.000000e-01 3.981100e-20 2.653800e-01 1.027100e-11
8.000000e-01 6.309600e-20 2.653800e-01 1.027100e-11
8.000000e-01 1.000000e-19 2.653800e-01 1.027100e-11
8.000000e-01 1.584900e-19 2.653800e-01 1.027100e-11
8.000000e-01 2.511900e-19 2.653800e-01 1.027100e-11
8.000000e-01 3.981100e-19 2.653800e-01 1.027100e-11
8.000000e-01 6.309600e-19 2.653800e-01 1.027100e-11
8.000000e-01 1.000000e-18 2.653800e-01 1.027100e-11
8.000000e-01 1.584900e-18 2.653800e-01 1.027100e-11
8.000000e-01 2.511900e-18 2.653800e-01 1.027100e-11
8.000000e-01 3.981100e-18 2.653800e-01 1.027100e-11
8.000000e-01 6.309600e-18 2.653800e-01 1.027100e-11
8.000000e-01 1.000000e-17 2.653800e-01 1.027100e-11
8.000000e-01 1.584900e-17 2.653800e-01 1.027100e-11
8.000000e-01 2.511900e-17 2.653800e-01 1.027100e-11
8.000000e-01 3.981100e-17 2.653800e-01 1.027100e-11
8.000000e-01 6.309600e-17 2.653800e-01 1.027100e-11
8.000000e-01 1.000000e-16 2.653800e-01 1.027100e-11
8.000000e-01 1.584900e-16 2.653800e-01 1.027100e-11
8.000000e-01 2.511900e-16 2.653800e-01 1.027100e-11
8.000000e-01 3.981100e-16 2.653800e-01 1.027100e-11
8.000000e-01 6.309600e-16 2.653800e-01 1.027100e-11
8.000000e-01 1.000000e-15 2.653800e-01 1.027100e-11
8.000000e-01 1.584900e-15 2.653800e-01 1.027100e-11
8.000000e-01 2.511900e-15 2.653800e-01 1.027100e-11
8.000000e-01 3.981100e-15 2.653800e-01 1.027100e-11
8.000000e-01 6.309600e-15 2.653800e-01 1.027100e-11
8.000000e-01 1.000000e-14 2.653800e-01 1.027100e-11
9.000000e-01 1.000000e-21 2.647900e-01 8.070500e-12
9.000000e-01 1.584900e-21 2.647900e-01 8.070500e-12
9.000000e-01 2.511900e-21 2.647900e-01 8.070500e-12
9.000000e-01 3.981100e-21 2.647900e-01 8.070500e-12
9.000000e-01 6.309600e-21 2.647900e-01 8.070500e-12
9.000000e-01 1.000000e-20 2.647900e-01 8.070500e-12
9.000000e-01 1.584900e-20 2.647900e-01 8.070500e-12
9.000000e-01 2.511900e-20 2.647900e-01 8.070500e-12
9.000000e-01 3.981100e-20 2.647900e-01 8.070500e-12
9.000000e-01 6.309600e-20 2.647900e-01 8.070500e-12
9.000000e-01 1.000000e-19 2.647900e-01 8.070500e-12
9.000000e-01 1.584900e-19 2.647900e-01 8.070500e-12
9.000000e-01 2.511900e-19 2.647900e-01 8.070500e-12
9.000000e-01 3.981100e-19 2.647900e-01 8.070500e-12
9.000000e-01 6.309600e-19 2.647900e-01 8.070500e-12
9.000000e-01 1.000000e-18 2.647900e-01 8.070500e-12
9.000000e-01 1.584900e-18 2.647900e-01 8.070500e-12
9.000000e-01 2.511900e-18 2.647900e-01 8.070500e-12
9.000000e-01 3.981100e-18 2.647900e-01 8.070500e-12
9.000000e-01 6.309600e-18 2.647900e-01 8.070500e-12
9.000000e-01 1.000000e-17 2.647900e-01 8.070500e-12
9.000000e-01 1.584900e-17 2.647900e-01 8.070500e-12
9.000000e-01 2.511900e-17 2.647900e-01 8.070500e-12
9.000000e-01 3.981100e-17 2.647900e-01 8.070500e-12
9.000000e-01 6.309600e-17 2.647900e-01 8.070500e-12
9.000000e-01 1.000000e-16 2.647900e-01 8.070500e-12
9.000000e-01 1.584900e-16 2.647900e-01 8.070500e-12
9.000000e-01 2.511900e-16 2.647900e-01 8.070500e-12
9.000000e-01 3.981100e-16 2.647900e-01 8.070500e-12
9.000000e-01 6.309600e-16 2.647900e-01 8.070500e-12
9.000000e-01 1.000000e-15 2.647900e-01 8.070500e-12
9.000000e-01 1.584900e-15 2.647900e-01 8.070500e-12
9.000000e-01 2.511900e-15 2.647900e-01 8.070500e-12
9.000000e-01 3.981100e-15 2.647900e-01 8.070500e-12
9.000000e-01 6.309600e-15 2.647900e-01 8.070500e-12
9.000000e-01 1.000000e-14 2.647900e-01 8.070500e-12
1.000000e+00 1.000000e-21 2.642700e-01 6.504500e-12
1.000000e+00 1.584900e-21 2.642700e-01 6.504500e-12
1.000000e+00 2.511900e-21 2.642700e-01 6.504500e-12
1.000000e+00 3.981100e-21 2.642700e-01 6.504500e-12
1.000000e+00 6.309600e-21 2.642700e-01 6.504500e-12
1.000000e+00 1.000000e-20 2.642700e-01 6.504500e-12
1.000000e+00 1.584900e-20 2.642700e-01 6.504500e-12
1.000000e+00 2.511900e-20 2.642700e-01 6.504500e-12
1.000000e+00 3.981100e-20 2.642700e-01 6.504500e-12
1.000000e+00 6.309600e-20 2.642700e-01 6.504500e-12
1.000000e+00 1.000000e-19 2.642700e-01 6.504500e-12
1.000000e+00 1.584900e-19 2.642700e-01 6.504500e-12
1.000000e+00 2.511900e-19 2.642700e-01 6.504500e-12
1.000000e+00 3.981100e-19 2.642700e-01 6.504500e-12
1.000000e+00 6.309600e-19 2.642700e-01 6.504500e-12
1.000000e+00 1.000000e-18 2.642700e-01 6.504500e-12
1.000000e+00 1.584900e-18 2.642700e-01 6.504500e-12
1.000000e+00 2.511900e-18 2.642700e-01 6.504500e-12
1.000000e+00 3.981100e-18 2.642700e-01 6.504500e-12
1.000000e+00 6.309600e-18 2.642700e-01 6.504500e-12
1.000000e+00 1.000000e-17 2.642700e-01 6.504500e-12
1.000000e+00 1.584900e-17 2.642700e-01 6.504500e-12
1.000000e+00 2.511900e-17 2.642700e-01 6.504500e-12
1.000000e+00 3.981100e-17 2.642700e-01 6.504500e-12
1.000000e+00 6.309600e-17 2.642700e-01 6.504500e-12
1.000000e+00 1.000000e-16 2.642700e-01 6.504500e-12
1.000000e+00 1.584900e-16 2.642700e-01 6.504500e-12
1.000000e+00 2.511900e-16 2.642700e-01 6.504500e-12
1.000000e+00 3.981100e-16 2.642700e-01 6.504500e-12
1.000000e+00 6.309600e-16 2.642700e-01 6.504500e-12
1.000000e+00 1.000000e-15 2.642700e-01 6.504500e-12
1.000000e+00 1.584900e-15 2.642700e-01 6.504500e-12
1.000000e+00 2.511900e-15 2.642700e-01 6.504500e-12
1.000000e+00 3.981100e-15 2.642700e-01 6.504500e-12
1.000000e+00 6.309600e-15 2.642700e-01 6.504500e-12
1.000000e+00 1.000000e-14 2.642700e-01 6.504500e-12
