# WASP-121b IC, 1x SOLAR (wasp121_0925/x1): 1-D global-mean ck RCE, route B, ck_nquad 2, [M/H] = 0, 20 cells/dex, Bond albedo 0.277,
# Teq 2409.3, Tint 567.37 (Thorngren), stellar SED sw_band_flux_W121_11, point-mass g = 1168.07 (ap/r)^2, ap = 1.12648e10 (r = ap at 250 bar).
# UNIFORM rows (0.04990053 dex): isothermal to 1e-10 bar at the top; below the RCE bottom (283 bar) the exact solar-EOS adiabat (RK2) to >= 2000 bar.
# solver header: ck global-mean RCE, mode B, ck_nquad 2; Teq 2409.3 Tint 567.367 albedo 0.27700 grav 1168.07 ap 11264800000.0 Tstar 0.0 met 1x
# log10 p [barye]  T [K]
-4.02296081 3759.764296
-3.97306028 3759.764296
-3.92315976 3759.764296
-3.87325923 3759.764296
-3.82335870 3759.764296
-3.77345818 3759.764296
-3.72355765 3759.764296
-3.67365712 3759.764296
-3.62375659 3759.764296
-3.57385607 3759.764296
-3.52395554 3759.764296
-3.47405501 3759.764296
-3.42415448 3759.764296
-3.37425396 3759.764296
-3.32435343 3759.764296
-3.27445290 3759.764296
-3.22455238 3759.764296
-3.17465185 3759.764296
-3.12475132 3759.764296
-3.07485079 3759.764296
-3.02495027 3759.764296
-2.97504974 3759.764296
-2.92514921 3753.669496
-2.87524868 3753.717593
-2.82534815 3752.615005
-2.77544763 3751.670609
-2.72554710 3750.686497
-2.67564657 3749.719306
-2.62574605 3748.750663
-2.57584552 3747.739629
-2.52594499 3746.711442
-2.47604446 3745.662146
-2.42614394 3744.570161
-2.37624341 3743.480935
-2.32634288 3742.387561
-2.27644236 3741.273821
-2.22654183 3740.140500
-2.17664130 3738.969485
-2.12674077 3737.775461
-2.07684025 3736.562869
-2.02693972 3735.280091
-1.97703919 3733.997157
-1.92713867 3732.744846
-1.87723814 3731.454902
-1.82733761 3730.124068
-1.77743708 3728.758124
-1.72753656 3727.358258
-1.67763603 3725.922310
-1.62773550 3724.397673
-1.57783497 3722.812083
-1.52793445 3721.182664
-1.47803392 3719.505080
-1.42813339 3717.775564
-1.37823287 3715.963738
-1.32833234 3713.988433
-1.27843181 3711.884886
-1.22853128 3709.699539
-1.17863076 3707.447707
-1.12873023 3705.102463
-1.07882970 3702.661626
-1.02892918 3700.110453
-0.97902865 3697.485634
-0.92912812 3694.770616
-0.87922759 3691.933554
-0.82932707 3688.984182
-0.77942654 3685.905929
-0.72952601 3682.696267
-0.67962549 3679.341451
-0.62972496 3675.874546
-0.57982443 3672.299915
-0.52992390 3668.595171
-0.48002338 3664.754484
-0.43012285 3660.773843
-0.38022232 3656.648206
-0.33032180 3652.320881
-0.28042127 3647.946458
-0.23052074 3643.325119
-0.18062021 3638.429252
-0.13071969 3633.164225
-0.08081916 3627.084819
-0.03091863 3619.976814
0.01898190 3611.833596
0.06888242 3602.341444
0.11878295 3590.639581
0.16868348 3575.987783
0.21858400 3557.364045
0.26848453 3532.082839
0.31838506 3497.634455
0.36828559 3460.761817
0.41818611 3411.118661
0.46808664 3346.343622
0.51798717 3265.891415
0.56788769 3182.939951
0.61778822 3119.548378
0.66768875 3093.266328
0.71758928 3093.461639
0.76748980 3104.617693
0.81739033 3117.183363
0.86729086 3129.203783
0.91719138 3139.932675
0.96709191 3149.194469
1.01699244 3156.751222
1.06689297 3162.461216
1.11679349 3166.482406
1.16669402 3169.357350
1.21659455 3171.093072
1.26649508 3171.716908
1.31639560 3171.245216
1.36629613 3169.699473
1.41619666 3167.260272
1.46609718 3164.182632
1.51599771 3160.439514
1.56589824 3156.248578
1.61579877 3151.895641
1.66569929 3147.459357
1.71559982 3143.424386
1.76550035 3139.631207
1.81540087 3136.049230
1.86530140 3132.753826
1.91520193 3129.608238
1.96510246 3126.562997
2.01500298 3123.513458
2.06490351 3120.179807
2.11480404 3116.351689
2.16470456 3111.645412
2.21460509 3105.742861
2.26450562 3098.156906
2.31440615 3087.372010
2.36430667 3071.428440
2.41420720 3048.580906
2.46410773 3013.483251
2.51400825 2965.785909
2.56390878 2584.565402
2.61380931 2604.422135
2.66370984 2622.909631
2.71361036 2491.443569
2.76351089 2478.327743
2.81341142 2432.085396
2.86331195 2398.011229
2.91321247 2364.723321
2.96311300 2335.280903
3.01301353 2308.686064
3.06291405 2286.803157
3.11281458 2266.619423
3.16271511 2247.671637
3.21261564 2229.666650
3.26251616 2212.537997
3.31241669 2196.428487
3.36231722 2181.156774
3.41221774 2166.578746
3.46211827 2152.697828
3.51201880 2139.424550
3.56191933 2126.444839
3.61181985 2113.951048
3.66172038 2101.957489
3.71162091 2090.539020
3.76152143 2079.555818
3.81142196 2069.221412
3.86132249 2059.562362
3.91122302 2050.573879
3.96112354 2042.241689
4.01102407 2034.411431
4.06092460 2027.155339
4.11082513 2020.313635
4.16072565 2013.812889
4.21062618 2007.601684
4.26052671 2001.666281
4.31042723 1996.037059
4.36032776 1990.733019
4.41022829 1985.863717
4.46012882 1981.468132
4.51002934 1977.616178
4.55992987 1974.344585
4.60983040 1971.642833
4.65973092 1969.446121
4.70963145 1967.658864
4.75953198 1966.128331
4.80943251 1964.718177
4.85933303 1963.323705
4.90923356 1961.886605
4.95913409 1960.401292
5.00903461 1958.909587
5.05893514 1957.481454
5.10883567 1956.170928
5.15873620 1955.056414
5.20863672 1954.198526
5.25853725 1953.636398
5.30843778 1953.390617
5.35833831 1953.477462
5.40823883 1953.907618
5.45813936 1954.682882
5.50803989 1955.818906
5.55794041 1957.324131
5.60784094 1959.193136
5.65774147 1961.404605
5.70764200 1963.924884
5.75754252 1966.723753
5.80744305 1969.781574
5.85734358 1973.102360
5.90724410 1976.717609
5.95714463 1980.683762
6.00704516 1985.078993
6.05694569 1990.004523
6.10684621 1995.584967
6.15674674 2002.006356
6.20664727 2009.406041
6.25654779 2017.989331
6.30644832 2027.991472
6.35634885 2039.677995
6.40624938 2053.448225
6.45614990 2069.646505
6.50605043 2088.762124
6.55595096 2111.456349
6.60585148 2137.904491
6.65575201 2168.736335
6.70565254 2204.485748
6.75555307 2245.972847
6.80545359 2294.050189
6.85535412 2349.724686
6.90525465 2410.638899
6.95515518 2472.201854
7.00505570 2533.956564
7.05495623 2595.718423
7.10485676 2657.376696
7.15475728 2718.863095
7.20465781 2780.142847
7.25455834 2841.208296
7.30445887 2902.073046
7.35435939 2962.767079
7.40425992 3023.332476
7.45416045 3083.820325
7.50406097 3144.293135
7.55396150 3204.812970
7.60386203 3265.443740
7.65376256 3326.260930
7.70366308 3387.329920
7.75356361 3448.724388
7.80346414 3510.515786
7.85336466 3572.772687
7.90326519 3635.569222
7.95316572 3698.971638
8.00306625 3763.056521
8.05296677 3827.889419
8.10286730 3893.545155
8.15276783 3960.091592
8.20266836 4027.603739
8.25256888 4096.152176
8.30246941 4165.809580
8.35236994 4236.653177
8.40227046 4308.756223
8.45217099 4382.200845
8.50207152 4456.518867
8.55197204 4532.328372
8.60187257 4609.702941
8.65177310 4688.738825
8.70167363 4769.515049
8.75157415 4852.133718
8.80147468 4936.681818
8.85137521 5023.266745
8.90127573 5111.984158
8.95117626 5202.952602
9.00107679 5296.276108
9.05097732 5392.082936
9.10087784 5490.490219
9.15077837 5591.634369
9.20067890 5695.651562
9.25057943 5802.683613
9.30047995 5912.889161
9.35038048 6026.423318
