# WASP-121b IC (wasp121_0925): 1-D global-mean ck RCE, route B, ck_nquad 2, 10x solar ([M/H] = 1), 20 cells/dex,
# Bond albedo 0.277 (problem/albedo), Teq 2409.3, Tint 567.37 (Thorngren), stellar SED sw_band_flux_W121_11 (ck_star_teff 0),
# point-mass g = 1190.18 (ap/r)^2, ap = 1.115967e10 (r = ap at 250 bar).  UNIFORM rows (0.04990053 dex): isothermal extension to 1e-10 bar
# at the top; below the RCE bottom (283 bar) the exact 10x-EOS adiabat (dlnT/dlnp = nabla_ad, RK2) to >= 2000 bar.
# solver header: ck global-mean RCE, mode B, ck_nquad 2; Teq 2409.3 Tint 567.367 albedo 0.27700 grav 1190.18 ap 11159670000.0 Tstar 0.0 met 10x
# log10 p [barye]  T [K]
-4.02296081 3751.741598
-3.97306028 3751.741598
-3.92315976 3751.741598
-3.87325923 3751.741598
-3.82335870 3751.741598
-3.77345818 3751.741598
-3.72355765 3751.741598
-3.67365712 3751.741598
-3.62375659 3751.741598
-3.57385607 3751.741598
-3.52395554 3751.741598
-3.47405501 3751.741598
-3.42415448 3751.741598
-3.37425396 3751.741598
-3.32435343 3751.741598
-3.27445290 3751.741598
-3.22455238 3751.741598
-3.17465185 3751.741598
-3.12475132 3751.741598
-3.07485079 3751.741598
-3.02495027 3751.741598
-2.97504974 3751.741598
-2.92514921 3742.785466
-2.87524868 3742.905948
-2.82534815 3741.336692
-2.77544763 3740.014651
-2.72554710 3738.601568
-2.67564657 3737.198368
-2.62574605 3735.765771
-2.57584552 3734.310319
-2.52594499 3732.823573
-2.47604446 3731.291739
-2.42614394 3729.724815
-2.37624341 3728.106670
-2.32634288 3726.447921
-2.27644236 3724.756890
-2.22654183 3722.997929
-2.17664130 3721.187230
-2.12674077 3719.328585
-2.07684025 3717.413104
-2.02693972 3715.428780
-1.97703919 3713.160488
-1.92713867 3710.716236
-1.87723814 3708.165483
-1.82733761 3705.498956
-1.77743708 3702.721334
-1.72753656 3699.810674
-1.67763603 3696.785941
-1.62773550 3693.672759
-1.57783497 3690.447905
-1.52793445 3687.087754
-1.47803392 3683.605240
-1.42813339 3679.992038
-1.37823287 3676.244466
-1.32833234 3672.337320
-1.27843181 3668.385195
-1.22853128 3664.242100
-1.17863076 3659.900874
-1.12873023 3655.296735
-1.07882970 3650.340749
-1.02892918 3644.881621
-0.97902865 3638.816448
-0.92912812 3631.943088
-0.87922759 3623.094122
-0.82932707 3612.160043
-0.77942654 3598.518310
-0.72952601 3581.272261
-0.67962549 3559.297897
-0.62972496 3529.899608
-0.57982443 3491.975952
-0.52992390 3449.145689
-0.48002338 3394.100723
-0.43012285 3322.670537
-0.38022232 3244.634287
-0.33032180 3180.261525
-0.28042127 3147.770829
-0.23052074 3142.633895
-0.18062021 3150.942658
-0.13071969 3163.129792
-0.08081916 3174.427685
-0.03091863 3184.597553
0.01898190 3193.027186
0.06888242 3199.558323
0.11878295 3204.699127
0.16868348 3208.566573
0.21858400 3211.227564
0.26848453 3212.767088
0.31838506 3213.240021
0.36828559 3212.506738
0.41818611 3210.794509
0.46808664 3208.427768
0.51798717 3205.507143
0.56788769 3202.178475
0.61778822 3198.593920
0.66768875 3194.932857
0.71758928 3191.491062
0.76748980 3188.264587
0.81739033 3185.372787
0.86729086 3182.854080
0.91719138 3180.703473
0.96709191 3178.927602
1.01699244 3177.601964
1.06689297 3176.727053
1.11679349 3175.999569
1.16669402 3175.303959
1.21659455 3174.455551
1.26649508 3173.325159
1.31639560 3171.667382
1.36629613 3169.255324
1.41619666 3165.699180
1.46609718 3160.541991
1.51599771 3153.024172
1.56589824 3142.456600
1.61579877 3127.450369
1.66569929 3106.330972
1.71559982 3064.923872
1.76550035 2998.813427
1.81540087 2765.286367
1.86530140 2830.566363
1.91520193 2785.986582
1.96510246 2767.733101
2.01500298 2742.713021
2.06490351 2715.464091
2.11480404 2680.206712
2.16470456 2628.486709
2.21460509 2559.634434
2.26450562 2265.298827
2.31440615 2278.736532
2.36430667 2230.257490
2.41420720 2201.332772
2.46410773 2175.011093
2.51400825 2153.214494
2.56390878 2134.746845
2.61380931 2118.550508
2.66370984 2104.225659
2.71361036 2091.415139
2.76351089 2079.414204
2.81341142 2068.242267
2.86331195 2057.899365
2.91321247 2048.405748
2.96311300 2039.764833
3.01301353 2031.925361
3.06291405 2024.968684
3.11281458 2018.790661
3.16271511 2013.290933
3.21261564 2008.353116
3.26251616 2003.861842
3.31241669 1999.716392
3.36231722 1995.862759
3.41221774 1992.226897
3.46211827 1988.808632
3.51201880 1985.637378
3.56191933 1982.767022
3.61181985 1980.266909
3.66172038 1978.214583
3.71162091 1976.529363
3.76152143 1975.450445
3.81142196 1975.017249
3.86132249 1975.195856
3.91122302 1975.904176
3.96112354 1977.022218
4.01102407 1978.343027
4.06092460 1979.623641
4.11082513 1981.131691
4.16072565 1982.795499
4.21062618 1984.579359
4.26052671 1986.460179
4.31042723 1988.430792
4.36032776 1990.547986
4.41022829 1992.790989
4.46012882 1995.040892
4.51002934 1997.290761
4.55992987 1999.538452
4.60983040 2001.776972
4.65973092 2003.991914
4.70963145 2006.176023
4.75953198 2008.291352
4.80943251 2010.322145
4.85933303 2012.280983
4.90923356 2014.209909
4.95913409 2016.173933
5.00903461 2018.249242
5.05893514 2020.513053
5.10883567 2023.023888
5.15873620 2025.820660
5.20863672 2028.931466
5.25853725 2032.385929
5.30843778 2036.227675
5.35833831 2040.526761
5.40823883 2045.410603
5.45813936 2050.990885
5.50803989 2057.398199
5.55794041 2064.796561
5.60784094 2073.379631
5.65774147 2083.379017
5.70764200 2095.067831
5.75754252 2108.628142
5.80744305 2124.177727
5.85734358 2142.024942
5.90724410 2162.662262
5.95714463 2186.466734
6.00704516 2214.325589
6.05694569 2247.115385
6.10684621 2286.153917
6.15674674 2332.239994
6.20664727 2385.364824
6.25654779 2439.255761
6.30644832 2492.820958
6.35634885 2545.896202
6.40624938 2598.439134
6.45614990 2650.457490
6.50605043 2701.986259
6.55595096 2753.073274
6.60585148 2803.782329
6.65575201 2854.179911
6.70565254 2904.332939
6.75555307 2954.315460
6.80545359 3004.193889
6.85535412 3054.040671
6.90525465 3103.921787
6.95515518 3153.897755
7.00505570 3204.041686
7.05495623 3254.407509
7.10485676 3305.056645
7.15475728 3356.051621
7.20465781 3407.443079
7.25455834 3459.287916
7.30445887 3511.646039
7.35435939 3564.565903
7.40425992 3618.097841
7.45416045 3672.305025
7.50406097 3727.235098
7.55396150 3782.936144
7.60386203 3839.470045
7.65376256 3896.889178
7.70366308 3955.244022
7.75356361 4014.591447
7.80346414 4074.993256
7.85336466 4136.503866
7.90326519 4199.179344
7.95316572 4263.089388
8.00306625 4328.294609
8.05296677 4394.856248
8.10286730 4462.848575
8.15276783 4532.341440
8.20266836 4603.403150
8.25256888 4676.117542
8.30246941 4750.562147
8.35236994 4826.816744
8.40227046 4904.977698
8.45217099 4985.130160
8.50207152 5066.751001
8.55197204 5150.543261
8.60187257 5236.607487
8.65177310 5325.062761
8.70167363 5416.016283
8.75157415 5509.602762
8.80147468 5605.941543
8.85137521 5705.181863
8.90127573 5807.458966
8.95117626 5912.938579
9.00107679 6021.776532
9.05097732 6134.151630
9.10087784 6250.248403
9.15077837 6370.256628
9.20067890 6494.396564
9.25057943 6622.885047
9.30047995 6755.954406
9.35038048 6893.863157
