# WASP-121b IC, 10x SOLAR, face-5 exact RCE (w121fresh_1001/ic/rce_f5.py): 1-D global-mean ck RCE, route B, ck_nquad 2, 20 cells/dex, Bond albedo 0.277 (w121prod_0929/met3, make_ic.py)
# UNIFORM rows (0.04990053 dex): isothermal to 1e-10 bar at the top; below the RCE bottom (283 bar) the exact EOS adiabat (RK2) to >= 2000 bar.
# solver header: ck global-mean RCE, mode B, ck_nquad 2, EXACT p-z radiative power (face 5 + top 1 consistent, w121fresh_1001/ic/rce_f5.py, taper 20.0-50.0); Teq 2409.3 Tint 567.367 albedo 0.27700 grav 1190.18 ap 11159670000.0 Tstar 0.0 met 10x
# log10 p [barye]  T [K]
-4.02296081 3720.129321
-3.97306028 3720.129321
-3.92315976 3720.129321
-3.87325923 3720.129321
-3.82335870 3720.129321
-3.77345818 3720.129321
-3.72355765 3720.129321
-3.67365712 3720.129321
-3.62375659 3720.129321
-3.57385607 3720.129321
-3.52395554 3720.129321
-3.47405501 3720.129321
-3.42415448 3720.129321
-3.37425396 3720.129321
-3.32435343 3720.129321
-3.27445290 3720.129321
-3.22455238 3720.129321
-3.17465185 3720.129321
-3.12475132 3720.129321
-3.07485079 3720.129321
-3.02495027 3720.129321
-2.97504974 3720.129321
-2.92514921 3711.222899
-2.87524868 3712.405191
-2.82534815 3711.603622
-2.77544763 3711.170916
-2.72554710 3710.652371
-2.67564657 3710.134686
-2.62574605 3709.602524
-2.57584552 3709.043857
-2.52594499 3708.473684
-2.47604446 3707.889103
-2.42614394 3707.274938
-2.37624341 3706.655365
-2.32634288 3706.020076
-2.27644236 3705.348016
-2.22654183 3704.646436
-2.17664130 3703.924390
-2.12674077 3703.182333
-2.07684025 3702.407299
-2.02693972 3701.613090
-1.97703919 3700.703650
-1.92713867 3699.633312
-1.87723814 3698.500045
-1.82733761 3697.272617
-1.77743708 3695.964631
-1.72753656 3694.560468
-1.67763603 3693.027212
-1.62773550 3691.414444
-1.57783497 3689.686220
-1.52793445 3687.787830
-1.47803392 3685.707694
-1.42813339 3683.429568
-1.37823287 3680.919386
-1.32833234 3678.117522
-1.27843181 3675.119506
-1.22853128 3671.736792
-1.17863076 3667.936383
-1.12873023 3663.642447
-1.07882970 3658.762340
-1.02892918 3653.176178
-0.97902865 3646.843755
-0.92912812 3639.650561
-0.87922759 3631.223796
-0.82932707 3620.461516
-0.77942654 3607.600974
-0.72952601 3592.135208
-0.67962549 3573.285749
-0.62972496 3550.505538
-0.57982443 3519.405406
-0.52992390 3482.412645
-0.48002338 3437.111278
-0.43012285 3378.970864
-0.38022232 3306.560046
-0.33032180 3239.393407
-0.28042127 3196.500430
-0.23052074 3182.812129
-0.18062021 3186.158642
-0.13071969 3196.229872
-0.08081916 3207.897069
-0.03091863 3219.080415
0.01898190 3228.738816
0.06888242 3236.408920
0.11878295 3242.076664
0.16868348 3246.314372
0.21858400 3249.101306
0.26848453 3250.483134
0.31838506 3250.554582
0.36828559 3249.224194
0.41818611 3246.827815
0.46808664 3243.760007
0.51798717 3240.189196
0.56788769 3236.330229
0.61778822 3232.137050
0.66768875 3228.002562
0.71758928 3224.188457
0.76748980 3220.820941
0.81739033 3217.966295
0.86729086 3215.637520
0.91719138 3213.834203
0.96709191 3212.505659
1.01699244 3211.642060
1.06689297 3211.235025
1.11679349 3210.990004
1.16669402 3210.782386
1.21659455 3210.489132
1.26649508 3209.977762
1.31639560 3209.094098
1.36629613 3207.710356
1.41619666 3205.593274
1.46609718 3202.511119
1.51599771 3198.164778
1.56589824 3192.176340
1.61579877 3184.017190
1.66569929 3172.941478
1.71559982 3156.809917
1.76550035 3133.382821
1.81540087 3100.903389
1.86530140 3035.102625
1.91520193 2896.183060
1.96510246 2892.945126
2.01500298 2847.466695
2.06490351 2828.199727
2.11480404 2804.559853
2.16470456 2780.746924
2.21460509 2752.519019
2.26450562 2715.919389
2.31440615 2664.253236
2.36430667 2588.244052
2.41420720 2431.533119
2.46410773 2335.851874
2.51400825 2280.807900
2.56390878 2252.522351
2.61380931 2228.219746
2.66370984 2208.078452
2.71361036 2190.870085
2.76351089 2175.315939
2.81341142 2161.371532
2.86331195 2148.964066
2.91321247 2138.030017
2.96311300 2128.314804
3.01301353 2119.900597
3.06291405 2112.608373
3.11281458 2106.197589
3.16271511 2100.485412
3.21261564 2095.309179
3.26251616 2090.555251
3.31241669 2086.106836
3.36231722 2081.980107
3.41221774 2078.188484
3.46211827 2074.739413
3.51201880 2071.682569
3.56191933 2069.068901
3.61181985 2066.940749
3.66172038 2065.322463
3.71162091 2064.201058
3.76152143 2063.572889
3.81142196 2063.386845
3.86132249 2063.564693
3.91122302 2064.011595
3.96112354 2064.626969
4.01102407 2065.304422
4.06092460 2065.950947
4.11082513 2066.577826
4.16072565 2067.148743
4.21062618 2067.648801
4.26052671 2068.078638
4.31042723 2068.451963
4.36032776 2068.802773
4.41022829 2069.142256
4.46012882 2069.458368
4.51002934 2069.764198
4.55992987 2070.059868
4.60983040 2070.328690
4.65973092 2070.538319
4.70963145 2070.652482
4.75953198 2070.627491
4.80943251 2070.441081
4.85933303 2070.099249
4.90923356 2069.636560
4.95913409 2069.110314
5.00903461 2068.589980
5.05893514 2068.144850
5.10883567 2067.833330
5.15873620 2067.709596
5.20863672 2067.826567
5.25853725 2068.245317
5.30843778 2069.043760
5.35833831 2070.323178
5.40823883 2072.211423
5.45813936 2074.859364
5.50803989 2078.440018
5.55794041 2083.150133
5.60784094 2089.211723
5.65774147 2096.938896
5.70764200 2106.493784
5.75754252 2118.040585
5.80744305 2131.809430
5.85734358 2148.188108
5.90724410 2167.534553
5.95714463 2190.279965
6.00704516 2217.230214
6.05694569 2249.236197
6.10684621 2287.523358
6.15674674 2332.863763
6.20664727 2385.496342
6.25654779 2439.328797
6.30644832 2492.866901
6.35634885 2545.926342
6.40624938 2598.459303
6.45614990 2650.471129
6.50605043 2701.995544
6.55595096 2753.079621
6.60585148 2803.786678
6.65575201 2854.182899
6.70565254 2904.334994
6.75555307 2954.316877
6.80545359 3004.194867
6.85535412 3054.041347
6.90525465 3103.922254
6.95515518 3153.898079
7.00505570 3204.041911
7.05495623 3254.407666
7.10485676 3305.056754
7.15475728 3356.051697
7.20465781 3407.443133
7.25455834 3459.287953
7.30445887 3511.646065
7.35435939 3564.565921
7.40425992 3618.097854
7.45416045 3672.305034
7.50406097 3727.235104
7.55396150 3782.936149
7.60386203 3839.470049
7.65376256 3896.889180
7.70366308 3955.244024
7.75356361 4014.591448
7.80346414 4074.993257
7.85336466 4136.503867
7.90326519 4199.179345
7.95316572 4263.089388
8.00306625 4328.294609
8.05296677 4394.856248
8.10286730 4462.848575
8.15276783 4532.341440
8.20266836 4603.403150
8.25256888 4676.117542
8.30246941 4750.562147
8.35236994 4826.816744
8.40227046 4904.977697
8.45217099 4985.130160
8.50207152 5066.751254
8.55197204 5150.543916
8.60187257 5236.608859
8.65177310 5325.064579
8.70167363 5416.018196
8.75157415 5509.605015
8.80147468 5605.944369
8.85137521 5705.185089
8.90127573 5807.462417
8.95117626 5912.942282
9.00107679 6021.780593
9.05097732 6134.156064
9.10087784 6250.253150
9.15077837 6370.261605
9.20067890 6494.401743
9.25057943 6622.890509
9.30047995 6755.960182
9.35038048 6893.869221
