# WASP-121b IC, 1x SOLAR, face-5 exact RCE (w121fresh_1001/ic/rce_f5.py): 1-D global-mean ck RCE, route B, ck_nquad 2, 20 cells/dex, Bond albedo 0.277 (w121prod_0929/met3, make_ic.py)
# UNIFORM rows (0.04990053 dex): isothermal to 1e-10 bar at the top; below the RCE bottom (283 bar) the exact EOS adiabat (RK2) to >= 2000 bar.
# solver header: ck global-mean RCE, mode B, ck_nquad 2, EXACT p-z radiative power (face 5 + top 1 consistent, w121fresh_1001/ic/rce_f5.py, taper 20.0-50.0); Teq 2409.3 Tint 567.367 albedo 0.27700 grav 1168.07 ap 11264800000.0 Tstar 0.0 met 1x
# log10 p [barye]  T [K]
-4.02296081 3727.369288
-3.97306028 3727.369288
-3.92315976 3727.369288
-3.87325923 3727.369288
-3.82335870 3727.369288
-3.77345818 3727.369288
-3.72355765 3727.369288
-3.67365712 3727.369288
-3.62375659 3727.369288
-3.57385607 3727.369288
-3.52395554 3727.369288
-3.47405501 3727.369288
-3.42415448 3727.369288
-3.37425396 3727.369288
-3.32435343 3727.369288
-3.27445290 3727.369288
-3.22455238 3727.369288
-3.17465185 3727.369288
-3.12475132 3727.369288
-3.07485079 3727.369288
-3.02495027 3727.369288
-2.97504974 3727.369288
-2.92514921 3721.459696
-2.87524868 3722.139941
-2.82534815 3721.621901
-2.77544763 3721.310865
-2.72554710 3720.943066
-2.67564657 3720.596481
-2.62574605 3720.217279
-2.57584552 3719.824683
-2.52594499 3719.450194
-2.47604446 3719.075092
-2.42614394 3718.710409
-2.37624341 3718.331827
-2.32634288 3717.938725
-2.27644236 3717.521997
-2.22654183 3717.083149
-2.17664130 3716.646402
-2.12674077 3716.218605
-2.07684025 3715.792336
-2.02693972 3715.351408
-1.97703919 3714.886536
-1.92713867 3714.430915
-1.87723814 3713.972850
-1.82733761 3713.507439
-1.77743708 3712.996515
-1.72753656 3712.446276
-1.67763603 3711.891672
-1.62773550 3711.300628
-1.57783497 3710.677241
-1.52793445 3710.038359
-1.47803392 3709.359254
-1.42813339 3708.651462
-1.37823287 3707.908111
-1.32833234 3707.114606
-1.27843181 3706.297510
-1.22853128 3705.442573
-1.17863076 3704.543637
-1.12873023 3703.594807
-1.07882970 3702.591608
-1.02892918 3701.507722
-0.97902865 3700.378452
-0.92912812 3699.232747
-0.87922759 3697.998442
-0.82932707 3696.679297
-0.77942654 3695.260985
-0.72952601 3693.730257
-0.67962549 3692.041567
-0.62972496 3690.266827
-0.57982443 3688.380405
-0.52992390 3686.313843
-0.48002338 3684.049793
-0.43012285 3681.555752
-0.38022232 3678.801147
-0.33032180 3675.719210
-0.28042127 3672.390848
-0.23052074 3668.636460
-0.18062021 3664.406562
-0.13071969 3659.613544
-0.08081916 3654.163197
-0.03091863 3647.904985
0.01898190 3640.762519
0.06888242 3632.631023
0.11878295 3622.349628
0.16868348 3609.942589
0.21858400 3595.040196
0.26848453 3576.950916
0.31838506 3554.737570
0.36828559 3525.162198
0.41818611 3488.600862
0.46808664 3445.452801
0.51798717 3389.018089
0.56788769 3315.308532
0.61778822 3240.936944
0.66768875 3187.601870
0.71758928 3166.537196
0.76748980 3166.503073
0.81739033 3175.156116
0.86729086 3186.126917
0.91719138 3196.888314
0.96709191 3206.525761
1.01699244 3214.436029
1.06689297 3220.258708
1.11679349 3224.439046
1.16669402 3227.033035
1.21659455 3228.098310
1.26649508 3227.704842
1.31639560 3225.947951
1.36629613 3222.840033
1.41619666 3218.713799
1.46609718 3213.981449
1.51599771 3208.776445
1.56589824 3203.379632
1.61579877 3197.973993
1.66569929 3192.660127
1.71559982 3187.687109
1.76550035 3183.131999
1.81540087 3178.945419
1.86530140 3175.155570
1.91520193 3171.660015
1.96510246 3168.332468
2.01500298 3165.065367
2.06490351 3161.564645
2.11480404 3157.530026
2.16470456 3152.766186
2.21460509 3147.006543
2.26450562 3139.874763
2.31440615 3130.797450
2.36430667 3118.586676
2.41420720 3102.290187
2.46410773 3074.275146
2.51400825 3046.596285
2.56390878 2711.556822
2.61380931 2739.310823
2.66370984 2770.192102
2.71361036 2802.922029
2.76351089 2835.579578
2.81341142 2559.063798
2.86331195 2577.247001
2.91321247 2557.776124
2.96311300 2493.790408
3.01301353 2464.957925
3.06291405 2434.368003
3.11281458 2407.440398
3.16271511 2382.452437
3.21261564 2359.596210
3.26251616 2338.669899
3.31241669 2319.286153
3.36231722 2301.650597
3.41221774 2285.751337
3.46211827 2270.643352
3.51201880 2256.411084
3.56191933 2242.928884
3.61181985 2229.966964
3.66172038 2217.647242
3.71162091 2206.142042
3.76152143 2195.402590
3.81142196 2185.404861
3.86132249 2176.061315
3.91122302 2167.474291
3.96112354 2159.555706
4.01102407 2152.224139
4.06092460 2145.409214
4.11082513 2138.967074
4.16072565 2132.769165
4.21062618 2126.864225
4.26052671 2121.272621
4.31042723 2116.036242
4.36032776 2111.230446
4.41022829 2106.907538
4.46012882 2103.073791
4.51002934 2099.747722
4.55992987 2096.905946
4.60983040 2094.487653
4.65973092 2092.397916
4.70963145 2090.549067
4.75953198 2088.800993
4.80943251 2087.054347
4.85933303 2085.259176
4.90923356 2083.395289
4.95913409 2081.480802
5.00903461 2079.560181
5.05893514 2077.686659
5.10883567 2075.898323
5.15873620 2074.233557
5.20863672 2072.707578
5.25853725 2071.316271
5.30843778 2070.044472
5.35833831 2068.878764
5.40823883 2067.807734
5.45813936 2066.821913
5.50803989 2065.925891
5.55794041 2065.121052
5.60784094 2064.400017
5.65774147 2063.745085
5.70764200 2063.134062
5.75754252 2062.541732
5.80744305 2061.959851
5.85734358 2061.404901
5.90724410 2060.920250
5.95714463 2060.576477
6.00704516 2060.471697
6.05694569 2060.733254
6.10684621 2061.517729
6.15674674 2063.017724
6.20664727 2065.460148
6.25654779 2069.105207
6.30644832 2074.245809
6.35634885 2081.213536
6.40624938 2090.390125
6.45614990 2102.322222
6.50605043 2117.307011
6.55595096 2135.732904
6.60585148 2158.230998
6.65575201 2185.142524
6.70565254 2217.275709
6.75555307 2255.191169
6.80545359 2299.637812
6.85535412 2351.488276
6.90525465 2411.350119
6.95515518 2472.680347
7.00505570 2534.306953
7.05495623 2595.983781
7.10485676 2657.581162
7.15475728 2719.022194
7.20465781 2780.267391
7.25455834 2841.306181
7.30445887 2902.150196
7.35435939 2962.828019
7.40425992 3023.380702
7.45416045 3083.858528
7.50406097 3144.323439
7.55396150 3204.837042
7.60386203 3265.462871
7.65376256 3326.276153
7.70366308 3387.342051
7.75356361 3448.734059
7.80346414 3510.523508
7.85336466 3572.778858
7.90326519 3635.574164
7.95316572 3698.975600
8.00306625 3763.059708
8.05296677 3827.891993
8.10286730 3893.547245
8.15276783 3960.093303
8.20266836 4027.605157
8.25256888 4096.153372
8.30246941 4165.810615
8.35236994 4236.654101
8.40227046 4308.757085
8.45217099 4382.201689
8.50207152 4456.520737
8.55197204 4532.330965
8.60187257 4609.705779
8.65177310 4688.742374
8.70167363 4769.519590
8.75157415 4852.138748
8.80147468 4936.687147
8.85137521 5023.272856
8.90127573 5111.991346
8.95117626 5202.960404
9.00107679 5296.284071
9.05097732 5392.091517
9.10087784 5490.499787
9.15077837 5591.644804
9.20067890 5695.662533
9.25057943 5802.694879
9.30047995 5912.901096
9.35038048 6026.436169
