# WASP-121b IC, 3x SOLAR, face-5 exact RCE (w121fresh_1001/ic/rce_f5.py): 1-D global-mean ck RCE, route B, ck_nquad 2, 20 cells/dex, Bond albedo 0.277 (w121prod_0929/met3, make_ic.py)
# UNIFORM rows (0.04990053 dex): isothermal to 1e-10 bar at the top; below the RCE bottom (283 bar) the exact EOS adiabat (RK2) to >= 2000 bar.
# solver header: ck global-mean RCE, mode B, ck_nquad 2, EXACT p-z radiative power (face 5 + top 1 consistent, w121fresh_1001/ic/rce_f5.py, taper 20.0-50.0); Teq 2409.3 Tint 567.367 albedo 0.27700 grav 1172.689 ap 11242600000.0 Tstar 0.0 met 3x
# log10 p [barye]  T [K]
-4.02296081 3726.455265
-3.97306028 3726.455265
-3.92315976 3726.455265
-3.87325923 3726.455265
-3.82335870 3726.455265
-3.77345818 3726.455265
-3.72355765 3726.455265
-3.67365712 3726.455265
-3.62375659 3726.455265
-3.57385607 3726.455265
-3.52395554 3726.455265
-3.47405501 3726.455265
-3.42415448 3726.455265
-3.37425396 3726.455265
-3.32435343 3726.455265
-3.27445290 3726.455265
-3.22455238 3726.455265
-3.17465185 3726.455265
-3.12475132 3726.455265
-3.07485079 3726.455265
-3.02495027 3726.455265
-2.97504974 3726.455265
-2.92514921 3719.388542
-2.87524868 3720.266598
-2.82534815 3719.649992
-2.77544763 3719.314483
-2.72554710 3718.904725
-2.67564657 3718.490666
-2.62574605 3718.088892
-2.57584552 3717.693118
-2.52594499 3717.288114
-2.47604446 3716.871705
-2.42614394 3716.436886
-2.37624341 3715.985807
-2.32634288 3715.539333
-2.27644236 3715.018678
-2.22654183 3714.471751
-2.17664130 3713.942352
-2.12674077 3713.402269
-2.07684025 3712.862817
-2.02693972 3712.310816
-1.97703919 3711.723197
-1.92713867 3711.098908
-1.87723814 3710.437234
-1.82733761 3709.740143
-1.77743708 3709.019019
-1.72753656 3708.259120
-1.67763603 3707.435194
-1.62773550 3706.575432
-1.57783497 3705.673969
-1.52793445 3704.715561
-1.47803392 3703.692520
-1.42813339 3702.616336
-1.37823287 3701.470912
-1.32833234 3700.221644
-1.27843181 3698.920515
-1.22853128 3697.522652
-1.17863076 3696.009553
-1.12873023 3694.370420
-1.07882970 3692.600571
-1.02892918 3690.662593
-0.97902865 3688.579683
-0.92912812 3686.360989
-0.87922759 3683.896301
-0.82932707 3681.161974
-0.77942654 3678.122199
-0.72952601 3674.730724
-0.67962549 3670.901794
-0.62972496 3666.697015
-0.57982443 3661.971684
-0.52992390 3656.538643
-0.48002338 3650.280406
-0.43012285 3643.025107
-0.38022232 3634.572771
-0.33032180 3624.048692
-0.28042127 3611.493353
-0.23052074 3596.317195
-0.18062021 3577.875417
-0.13071969 3555.251800
-0.08081916 3524.885126
-0.03091863 3486.984795
0.01898190 3441.378918
0.06888242 3382.423776
0.11878295 3307.136276
0.16868348 3235.772224
0.21858400 3186.268463
0.26848453 3168.802755
0.31838506 3171.416559
0.36828559 3181.841397
0.41818611 3193.932313
0.46808664 3205.542236
0.51798717 3215.897306
0.56788769 3224.722398
0.61778822 3231.910459
0.66768875 3237.306153
0.71758928 3240.633870
0.76748980 3242.528756
0.81739033 3243.087414
0.86729086 3242.437681
0.91719138 3240.732616
0.96709191 3238.158860
1.01699244 3234.809291
1.06689297 3230.795494
1.11679349 3226.653570
1.16669402 3222.549231
1.21659455 3218.651712
1.26649508 3215.084186
1.31639560 3211.911914
1.36629613 3209.171459
1.41619666 3206.858632
1.46609718 3204.904375
1.51599771 3203.219315
1.56589824 3201.690455
1.61579877 3200.176599
1.66569929 3198.550996
1.71559982 3196.543858
1.76550035 3194.075814
1.81540087 3190.990674
1.86530140 3187.105269
1.91520193 3182.202655
1.96510246 3175.994759
2.01500298 3167.955472
2.06490351 3157.017024
2.11480404 3142.692122
2.16470456 3124.074364
2.21460509 3100.166494
2.26450562 3056.291352
2.31440615 2992.893554
2.36430667 2885.686595
2.41420720 2847.111482
2.46410773 2803.467369
2.51400825 2772.232865
2.56390878 2736.562955
2.61380931 2693.392071
2.66370984 2631.140462
2.71361036 2500.354201
2.76351089 2455.517816
2.81341142 2398.804335
2.86331195 2356.687897
2.91321247 2321.664057
2.96311300 2294.150056
3.01301353 2272.666198
3.06291405 2253.688577
3.11281458 2236.600902
3.16271511 2220.721907
3.21261564 2206.158773
3.26251616 2192.802769
3.31241669 2180.518126
3.36231722 2169.378318
3.41221774 2159.422784
3.46211827 2150.506607
3.51201880 2142.513719
3.56191933 2135.282547
3.61181985 2128.644126
3.66172038 2122.536892
3.71162091 2116.886339
3.76152143 2111.579599
3.81142196 2106.594756
3.86132249 2101.929939
3.91122302 2097.607263
3.96112354 2093.721072
4.01102407 2090.339106
4.06092460 2087.441892
4.11082513 2085.096896
4.16072565 2083.287453
4.21062618 2081.968149
4.26052671 2081.062713
4.31042723 2080.472197
4.36032776 2080.110505
4.41022829 2079.867465
4.46012882 2079.598101
4.51002934 2079.229191
4.55992987 2078.718906
4.60983040 2078.059794
4.65973092 2077.271664
4.70963145 2076.402260
4.75953198 2075.471289
4.80943251 2074.512807
4.85933303 2073.552463
4.90923356 2072.594920
4.95913409 2071.624202
5.00903461 2070.608898
5.05893514 2069.513370
5.10883567 2068.308751
5.15873620 2066.987591
5.20863672 2065.560878
5.25853725 2064.050947
5.30843778 2062.483810
5.35833831 2060.880527
5.40823883 2059.243236
5.45813936 2057.560714
5.50803989 2055.821455
5.55794041 2053.949837
5.60784094 2052.137240
5.65774147 2050.332180
5.70764200 2048.591713
5.75754252 2046.998204
5.80744305 2045.650625
5.85734358 2044.664164
5.90724410 2044.168009
5.95714463 2044.302879
6.00704516 2045.219817
6.05694569 2047.087057
6.10684621 2050.089371
6.15674674 2054.513571
6.20664727 2060.449809
6.25654779 2068.208539
6.30644832 2078.086143
6.35634885 2090.411197
6.40624938 2105.624511
6.45614990 2123.888100
6.50605043 2145.634031
6.55595096 2171.480895
6.60585148 2202.101834
6.65575201 2238.400248
6.70565254 2281.830822
6.75555307 2333.301214
6.80545359 2392.498742
6.85535412 2452.794313
6.90525465 2513.283165
6.95515518 2573.732293
7.00505570 2634.023832
7.05495623 2694.094370
7.10485676 2753.913462
7.15475728 2813.476442
7.20465781 2872.800630
7.25455834 2931.919786
7.30445887 2990.878995
7.35435939 3049.731023
7.40425992 3108.541095
7.45416045 3167.372307
7.50406097 3226.289649
7.55396150 3285.369267
7.60386203 3344.675112
7.65376256 3404.282810
7.70366308 3464.258041
7.75356361 3524.675053
7.80346414 3585.600496
7.85336466 3647.106568
7.90326519 3709.257462
7.95316572 3772.128351
8.00306625 3835.780903
8.05296677 3900.292627
8.10286730 3965.723666
8.15276783 4032.154205
8.20266836 4099.648219
8.25256888 4168.280498
8.30246941 4238.123865
8.35236994 4309.252250
8.40227046 4381.745809
8.45217099 4455.676693
8.50207152 4530.571489
8.55197204 4607.028276
8.60187257 4685.140926
8.65177310 4764.989406
8.70167363 4846.670310
8.75157415 4930.273591
8.80147468 5015.901306
8.85137521 5103.652985
8.90127573 5193.639215
8.95117626 5285.968560
9.00107679 5380.763582
9.05097732 5478.141185
9.10087784 5578.239703
9.15077837 5681.187586
9.20067890 5787.135269
9.25057943 5896.231145
9.30047995 6008.631797
9.35038048 6124.512945
