# x=R/R*  T_mean  T_min  T_max (column spread) [K]; digitized Fig.5
1.130 2489 2487 2491
1.140 2476 2434 2491
1.150 2380 2266 2460
1.160 2263 2125 2394
1.170 2121 1979 2262
1.180 1943 1843 2046
1.190 1824 1776 1904
1.200 1824 1776 1904
1.210 1901 1807 1993
1.220 2021 1953 2094
1.230 2143 2046 2244
1.240 2246 2147 2350
1.250 2381 2301 2460
1.260 2521 2412 2628
1.270 2630 2522 2734
1.280 2725 2632 2796
1.290 2804 2774 2822
1.300 2830 2818 2840
1.310 2842 2831 2853
1.320 2855 2844 2866
1.330 2868 2862 2875
1.340 2879 2871 2884
1.350 2885 2879 2893
1.360 2892 2888 2897
1.370 2899 2893 2906
1.380 2904 2897 2910
1.390 2909 2906 2915
1.400 2912 2910 2915
1.410 2917 2915 2919
1.420 2920 2915 2924
1.430 2924 2919 2928
1.440 2927 2924 2932
1.450 2931 2928 2937
1.460 2934 2928 2937
1.470 2938 2932 2941
1.480 2941 2937 2946
1.490 2947 2941 2954
1.500 2954 2946 2963
1.510 2963 2959 2968
1.520 2973 2968 2981
1.530 2981 2972 2990
1.540 2993 2985 3003
1.550 3008 2999 3021
1.560 3022 3007 3034
1.570 3037 3025 3051
1.580 3054 3043 3065
1.590 3072 3060 3087
1.600 3086 3074 3100
1.610 3099 3087 3113
1.620 3117 3109 3126
1.630 3133 3122 3144
1.640 3146 3135 3157
1.650 3163 3153 3171
1.660 3180 3166 3193
1.670 3194 3179 3206
1.680 3209 3197 3224
1.690 3227 3219 3237
1.700 3245 3232 3259
1.710 3260 3246 3272
1.720 3279 3268 3290
1.730 3296 3281 3312
1.740 3311 3299 3325
1.750 3326 3312 3338
1.760 3345 3334 3356
1.770 3362 3347 3378
1.780 3377 3365 3391
1.790 3390 3378 3400
1.800 3406 3396 3413
1.810 3418 3409 3431
1.820 3430 3418 3440
1.830 3443 3435 3453
1.840 3457 3449 3466
1.850 3468 3457 3475
1.860 3475 3471 3479
1.870 3479 3475 3484
1.880 3485 3479 3488
1.890 3488 3484 3493
1.900 3491 3488 3497
1.910 3495 3493 3497
1.920 3499 3497 3501
1.930 3499 3497 3501
1.940 3499 3497 3501
1.950 3499 3497 3501
1.960 3499 3497 3501
1.970 3499 3497 3501
1.980 3499 3497 3501
1.990 3499 3497 3501
2.000 3499 3497 3501
2.010 3499 3497 3501
2.020 3499 3497 3501
2.030 3499 3497 3501
2.040 3499 3497 3501
2.050 3499 3497 3501
2.060 3499 3497 3501
2.070 3499 3497 3501
2.080 3499 3497 3501
2.090 3499 3497 3501
2.100 3499 3497 3501
2.110 3499 3497 3501
2.120 3499 3497 3501
2.130 3499 3497 3501
2.140 3499 3497 3501
2.150 3499 3497 3501
2.160 3499 3497 3501
2.170 3499 3497 3501
2.180 3499 3497 3501
2.190 3499 3497 3501
2.200 3499 3497 3501
2.210 3499 3497 3501
2.220 3499 3497 3501
2.230 3499 3497 3501
2.240 3499 3497 3501
2.250 3499 3497 3501
2.260 3499 3497 3501
2.270 3499 3497 3501
2.280 3499 3497 3501
2.290 3499 3497 3501
2.300 3499 3497 3501
2.310 3499 3497 3501
2.320 3499 3497 3501
2.330 3499 3497 3501
2.340 3499 3497 3501
2.350 3499 3497 3501
2.360 3499 3497 3501
2.370 3499 3497 3501
2.380 3499 3497 3501
2.390 3499 3497 3501
2.400 3499 3497 3501
2.410 3499 3497 3501
2.420 3499 3497 3501
2.430 3499 3497 3501
2.440 3499 3497 3501
2.450 3499 3497 3501
2.460 3499 3497 3501
2.470 3499 3497 3501
2.480 3499 3497 3501
2.490 3499 3497 3501
2.500 3496 3493 3501
2.510 3494 3488 3497
2.520 3490 3488 3493
2.530 3488 3484 3493
2.540 3486 3484 3488
2.550 3484 3479 3488
2.560 3482 3479 3484
2.570 3477 3475 3479
2.580 3474 3471 3479
2.590 3469 3466 3475
2.600 3464 3457 3471
2.610 3460 3453 3466
2.620 3455 3449 3462
2.630 3450 3444 3453
2.640 3443 3440 3449
2.650 3439 3435 3444
2.660 3434 3426 3440
2.670 3428 3422 3431
2.680 3421 3413 3426
2.690 3415 3409 3422
2.700 3407 3400 3413
2.710 3399 3391 3404
2.720 3392 3387 3400
2.730 3386 3378 3391
2.740 3378 3374 3382
2.750 3370 3365 3378
2.760 3363 3356 3369
2.770 3357 3351 3365
2.780 3348 3343 3351
2.790 3339 3334 3347
2.800 3332 3325 3338
2.810 3323 3316 3329
2.820 3312 3307 3321
2.830 3306 3299 3312
2.840 3299 3290 3307
2.850 3289 3285 3294
2.860 3280 3272 3285
2.870 3272 3263 3281
2.880 3263 3259 3268
2.890 3254 3246 3263
2.900 3246 3237 3254
2.910 3238 3232 3246
2.920 3230 3224 3237
2.930 3219 3210 3228
2.940 3212 3206 3219
2.950 3204 3197 3210
2.960 3195 3188 3201
2.970 3185 3179 3193
2.980 3178 3171 3184
2.990 3168 3162 3175
3.000 3157 3149 3166
3.010 3150 3144 3157
3.020 3143 3135 3149
3.030 3133 3126 3140
3.040 3122 3113 3131
3.050 3115 3109 3122
3.060 3107 3100 3113
3.070 3098 3091 3104
3.080 3087 3078 3096
3.090 3078 3069 3087
3.100 3067 3060 3074
3.110 3056 3047 3065
3.120 3047 3038 3056
3.130 3038 3029 3047
3.140 3027 3021 3034
3.150 3012 3003 3021
3.160 3003 2994 3012
3.170 2992 2985 2999
3.180 2981 2972 2990
3.190 2969 2959 2981
3.200 2959 2950 2968
3.210 2948 2941 2954
3.220 2934 2924 2946
3.230 2924 2915 2932
3.240 2912 2901 2924
3.250 2899 2893 2906
3.260 2885 2875 2897
3.270 2874 2862 2884
3.280 2860 2853 2866
3.290 2845 2835 2857
3.300 2835 2822 2844
3.310 2823 2813 2835
3.320 2810 2800 2818
3.330 2798 2791 2804
3.340 2777 2774 2778
3.350 2771 2760 2778
3.360 2754 2743 2765
3.370 2742 2729 2751
3.380 2730 2721 2743
3.390 2715 2707 2725
3.400 2701 2690 2712
3.410 2689 2676 2699
3.420 2676 2663 2690
3.430 2662 2654 2672
3.440 2647 2637 2659
3.450 2635 2624 2646
3.460 2620 2610 2628
3.470 2605 2593 2615
3.480 2593 2584 2606
3.490 2582 2571 2593
3.500 2565 2557 2575
3.510 2551 2540 2562
3.520 2539 2526 2549
3.530 2526 2513 2540
3.540 2511 2504 2518
3.550 2496 2487 2509
3.560 2485 2474 2496
3.570 2470 2460 2478
3.580 2454 2443 2465
3.590 2442 2429 2451
3.600 2430 2421 2443
3.610 2417 2407 2425
3.620 2402 2390 2412
3.630 2390 2381 2403
3.640 2379 2368 2390
3.650 2361 2350 2372
3.660 2350 2341 2359
3.670 2339 2328 2350
3.680 2325 2315 2332
3.690 2311 2301 2324
3.700 2299 2288 2310
3.710 2288 2275 2297
3.720 2273 2266 2279
3.730 2261 2249 2271
3.740 2249 2240 2262
3.750 2238 2231 2244
3.760 2226 2218 2235
3.770 2215 2204 2226
3.780 2204 2196 2213
3.790 2193 2187 2200
3.800 2179 2169 2191
3.810 2169 2160 2178
3.820 2160 2151 2169
3.830 2147 2138 2156
3.840 2134 2125 2143
3.850 2125 2116 2134
3.860 2114 2107 2121
3.870 2099 2090 2107
3.880 2090 2081 2099
3.890 2081 2072 2090
3.900 2070 2063 2076
3.910 2059 2050 2068
3.920 2050 2041 2059
3.930 2039 2032 2046
3.940 2028 2019 2037
3.950 2019 2010 2028
3.960 2008 1997 2019
3.970 1995 1988 2001
3.980 1984 1975 1993
3.990 1975 1966 1984
4.000 1966 1957 1975
4.010 1955 1949 1962
4.020 1944 1935 1953
4.030 1935 1926 1944
4.040 1923 1918 1931
4.050 1909 1900 1918
4.060 1900 1891 1909
4.070 1891 1882 1900
4.080 1880 1874 1887
4.090 1869 1860 1878
4.100 1860 1851 1869
4.110 1851 1843 1860
4.120 1836 1829 1843
4.130 1825 1816 1834
4.140 1816 1807 1825
4.150 1805 1799 1812
4.160 1794 1785 1803
4.170 1785 1776 1794
4.180 1776 1768 1785
4.190 1765 1759 1772
4.200 1755 1750 1763
4.210 1748 1741 1754
4.220 1738 1732 1741
4.230 1728 1719 1737
4.240 1719 1710 1728
4.250 1710 1701 1719
4.260 1699 1693 1706
4.270 1688 1679 1697
4.280 1679 1671 1688
4.290 1672 1666 1679
4.300 1663 1657 1666
4.310 1653 1644 1662
4.320 1645 1640 1653
4.330 1636 1631 1640
4.340 1629 1622 1635
4.350 1623 1618 1631
4.360 1616 1609 1622
4.370 1609 1604 1613
4.380 1601 1596 1609
4.390 1595 1587 1600
4.400 1589 1582 1596
4.410 1581 1578 1587
4.420 1574 1569 1578
4.430 1568 1560 1574
4.440 1560 1556 1565
4.450 1553 1547 1560
4.460 1547 1543 1551
4.470 1541 1534 1547
4.480 1534 1529 1538
4.490 1530 1525 1534
4.500 1527 1525 1529
4.510 1523 1521 1525
4.520 1520 1516 1525
4.530 1517 1512 1521
4.540 1513 1507 1516
4.550 1510 1507 1512
4.560 1507 1503 1512
4.570 1504 1499 1507
4.580 1500 1494 1503
4.590 1496 1494 1499
4.600 1493 1490 1499
4.610 1490 1485 1494
4.620 1487 1485 1490
4.630 1483 1481 1485
4.640 1480 1476 1485
4.650 1477 1472 1481
4.660 1474 1472 1476
4.670 1473 1468 1476
4.680 1470 1468 1472
4.690 1470 1468 1472
4.700 1465 1463 1468
4.710 1465 1463 1468
4.720 1463 1459 1468
4.730 1461 1459 1463
4.740 1457 1454 1463
4.750 1457 1454 1459
4.760 1454 1450 1459
4.770 1452 1450 1454
4.780 1449 1446 1454
4.790 1448 1446 1450
4.800 1446 1441 1450
4.810 1443 1441 1446
4.820 1442 1437 1446
4.830 1439 1437 1441
4.840 1439 1437 1441
4.850 1437 1432 1441
4.860 1435 1432 1437
4.870 1435 1432 1437
4.880 1432 1428 1437
4.890 1430 1428 1432
4.900 1430 1428 1432
4.910 1426 1424 1428
4.920 1426 1424 1428
4.930 1425 1419 1428
4.940 1422 1419 1428
4.950 1421 1419 1424
4.960 1421 1415 1424
4.970 1418 1415 1424
4.980 1417 1415 1419
4.990 1417 1415 1419
5.000 1412 1410 1415
