# r/R*(phot, 42.5mas, R*=1014Rsun, d=222pc)  log10 nH  [digitized from Dent+2024 Fig3 SVG]
1.081249999999999156e+00 1.300047846889952297e+01
1.082983128834355879e+00 1.296016746411483211e+01
1.094509202453987085e+00 1.268023657628920731e+01
1.106242331288342706e+00 1.238826422115895909e+01
1.118205521472392272e+00 1.218256246677299259e+01
1.130161042944784811e+00 1.214525518341307908e+01
1.142331288343558571e+00 1.210381446039340858e+01
1.154501533742331443e+00 1.206426103136629457e+01
1.166894171779141232e+00 1.202507974481658870e+01
1.179501533742330466e+00 1.198099415204678486e+01
1.192108895705521476e+00 1.194295587453482277e+01
1.204938650306747627e+00 1.190150186071238814e+01
1.217983128834355222e+00 1.185817384370016114e+01
1.231019938650306456e+00 1.181824827219564078e+01
1.244064417177914050e+00 1.177379053694843236e+01
1.257546012269938007e+00 1.173196438064859137e+01
1.271019938650306713e+00 1.168939393939393945e+01
1.284716257668711892e+00 1.164230462519936182e+01
1.298412576687116404e+00 1.160162147793726817e+01
1.312323619631901472e+00 1.155679160021265339e+01
1.326457055214723235e+00 1.151044657097288848e+01
1.340582822085889525e+00 1.146787612971823656e+01
1.355145705521471511e+00 1.141964380648591160e+01
1.369716257668711634e+00 1.137481392876129860e+01
1.384279141104294286e+00 1.132961190855927747e+01
1.399056748466257716e+00 1.127874800637958685e+01
1.414271472392637508e+00 1.123579213184476444e+01
1.429271472392638520e+00 1.118757309941520539e+01
1.444708588957055007e+00 1.113822434875066492e+01
1.460145705521471715e+00 1.109300903774587965e+01
1.475789877300613284e+00 1.104177299308878446e+01
1.491664110429447909e+00 1.099467038809144270e+01
1.507753067484662424e+00 1.094682349813928823e+01
1.523834355828220577e+00 1.089258373205741748e+01
1.540138036809815425e+00 1.084774056353003857e+01
1.556656441717791051e+00 1.079726209463051489e+01
1.573397239263803149e+00 1.074564061669324921e+01
1.590352760736195803e+00 1.069892344497607795e+01
1.607308282208588679e+00 1.064542796384901635e+01
1.624700920245398583e+00 1.059720893141945908e+01
1.642093558282208710e+00 1.054784688995215447e+01
1.659700920245398503e+00 1.049284954811270687e+01
1.677523006134968409e+00 1.044763423710792161e+01
1.695567484662576341e+00 1.039678362573099513e+01
1.713826687116563940e+00 1.034553429027113403e+01
1.732085889570552428e+00 1.029920255183413147e+01
1.750782208588957278e+00 1.024645135566188259e+01
1.769470858895705767e+00 1.020011961722488181e+01
1.788389570552147312e+00 1.015301701222753827e+01
1.807737730061349080e+00 1.012551834130781536e+01
1.827085889570552624e+00 1.009348750664540262e+01
1.846648773006134725e+00 1.006411483253588557e+01
1.866426380368097604e+00 1.003660287081339675e+01
1.886426380368097178e+00 1.001023391812865526e+01
1.906863496932515112e+00 9.984994683678895200e+00
1.927292944785275797e+00 9.960499734183946074e+00
1.947944785276073176e+00 9.936762360446572018e+00
1.968811349693250889e+00 9.913410419989368449e+00
1.989900306748465741e+00 9.890430622009569461e+00
2.011203987730060927e+00 9.868195108984583186e+00
2.032944785276073585e+00 9.846345029239767399e+00
2.054677914110428993e+00 9.824494949494949836e+00
2.076633435582821985e+00 9.803402445507709118e+00
2.099026073619631561e+00 9.782682083997872979e+00
2.121418711656441580e+00 9.761961722488038617e+00
2.144240797546012267e+00 9.741985645933015192e+00
2.167285276073619649e+00 9.722022860180755899e+00
2.190544478527606920e+00 9.702432216905901186e+00
2.214018404907974968e+00 9.682841573631048249e+00
2.237714723926379712e+00 9.663623072833599892e+00
2.261848159509201928e+00 9.644790005316322024e+00
2.286188650306747672e+00 9.626329080276448735e+00
2.310536809815950221e+00 9.607868155236577223e+00
2.335314417177913882e+00 9.589779372674110292e+00
2.360536809815950932e+00 9.571703880914407492e+00
2.385751533742331176e+00 9.553987240829346916e+00
2.411403374233128893e+00 9.536283891547050473e+00
2.437269938650306056e+00 9.518952684742158610e+00
2.463351226993864884e+00 9.501621477937268523e+00
2.489877300613496658e+00 9.484675704412547148e+00
2.516610429447852404e+00 9.467716640085061641e+00
2.543573619631901650e+00 9.450757575757577911e+00
2.570958588957054758e+00 9.434183944710261116e+00
2.598565950920245005e+00 9.417610313662946098e+00
2.626395705521471946e+00 9.401408825093035659e+00
2.654432515337423304e+00 9.385207336523126997e+00
2.682914110429448051e+00 9.369005847953216559e+00
2.711825153374233022e+00 9.353189792663476609e+00
2.740950920245398326e+00 9.337360446570974304e+00
2.770299079754601212e+00 9.321916533758638934e+00
2.800076687116564322e+00 9.306087187666134852e+00
2.830076687116564127e+00 9.290643274853803035e+00
2.860513803680981404e+00 9.275199362041467666e+00
2.891157975460122653e+00 9.260127591706538652e+00
2.922246932515337292e+00 9.245055821371611415e+00
2.953550613496932264e+00 9.229984051036684178e+00
2.985291411042944265e+00 9.214925571504519297e+00
3.017239263803681126e+00 9.200225943646996640e+00
3.049631901840490045e+00 9.185154173312069403e+00
3.082239263803681073e+00 9.170839978734715459e+00
3.115498466257668575e+00 9.156140350877194578e+00
3.148757668711656077e+00 9.141454013822436053e+00
3.182668711656441829e+00 9.127139819245083885e+00
3.216802147239263832e+00 9.112825624667729940e+00
3.251365030674846501e+00 9.098511430090377772e+00
3.286142638036809061e+00 9.084183944710261471e+00
3.321357361963190424e+00 9.070241892610313883e+00
3.357009202453987040e+00 9.056313131313132203e+00
3.393098159509202016e+00 9.042371079213184615e+00
3.429394171779140965e+00 9.028056884635832446e+00
3.466349693251533193e+00 9.014486975013291215e+00
3.503527607361962559e+00 9.000544922913345403e+00
3.541134969325152593e+00 8.986988304093568303e+00
3.578957055214723404e+00 8.973418394471025294e+00
3.617430981595092021e+00 8.959476342371079483e+00
3.656342024539876778e+00 8.945919723551302383e+00
3.695467791411042313e+00 8.932735247208931639e+00
3.735253067484662459e+00 8.919178628389154539e+00
3.775253067484661607e+00 8.905980861244019664e+00
3.815682515337422753e+00 8.892424242424244341e+00
3.856771472392638067e+00 8.879239766081871821e+00
3.898075153374232826e+00 8.866055289739501077e+00
3.939808282208588697e+00 8.852870813397130334e+00
3.982200920245398734e+00 8.839673046251993682e+00
4.024808282208589105e+00 8.826874003189793427e+00
4.068059815950919145e+00 8.813676236044656775e+00
4.111756134969325238e+00 8.800877192982456521e+00
4.155881901840491111e+00 8.788064859117490357e+00
4.200452453987730372e+00 8.774880382775119614e+00
4.245444785276073496e+00 8.762068048910155227e+00
4.291096625766870787e+00 8.749255715045189064e+00
4.336963190184048855e+00 8.736828814460395165e+00
4.383703987730061868e+00 8.724016480595429002e+00
4.430651840490797966e+00 8.711204146730462838e+00
4.478259202453987342e+00 8.698777246145667164e+00
4.526303680981595079e+00 8.685964912280702777e+00
4.574777607361962595e+00 8.673538011695907102e+00
4.623903374233128361e+00 8.661097820308347295e+00
4.673473926380368404e+00 8.648670919723551620e+00
4.723688650306749004e+00 8.636230728335991813e+00
4.774332822085889383e+00 8.623803827751196138e+00
4.825636503067484817e+00 8.611363636363636331e+00
4.877369631901840918e+00 8.598936735778842433e+00
4.929547546012269521e+00 8.586881977671451338e+00
4.982584355828221234e+00 8.574441786283891531e+00
4.999539877300613888e+00 8.570308346624136320e+00
