 x   r[cm]     nH        rho      ne      T(fig)  | Dent24 nH(same x) ratio | Dent24 interp at same r_cm ratio
 1.14 6.463e+13 1.507e+12 3.422e-12 3.77e+07  2520
 1.20 6.779e+13 6.236e+11 1.416e-12 3.50e+07  1780 | 8.30e+11 0.75
 1.30 7.344e+13 1.480e+11 3.359e-13 1.65e+07  2870
 1.50 8.474e+13 2.322e+10 5.270e-14 5.17e+06  2940 | 9.30e+10 0.25 | r/R*(1014)=1.20 8.22e+11 0.03
 1.70 9.603e+13 1.074e+10 2.438e-14 3.58e+06  3200 | r/R*(1014)=1.36 2.41e+11 0.04
 2.00 1.130e+14 5.396e+09 1.225e-14 2.70e+06  3500 | 7.60e+09 0.71 | r/R*(1014)=1.60 5.26e+10 0.10
 2.50 1.412e+14 2.433e+09 5.522e-15 1.22e+06  3500 | r/R*(1014)=2.00 7.57e+09 0.32
 3.00 1.695e+14 1.361e+09 3.088e-15 6.80e+05  3180 | 1.60e+09 0.85 | r/R*(1014)=2.40 3.76e+09 0.36
 3.50 1.977e+14 8.602e+08 1.953e-15 4.30e+05  2620 | r/R*(1014)=2.80 2.08e+09 0.41
 4.00 2.260e+14 5.889e+08 1.337e-15 2.94e+05  2000 | 6.80e+08 0.87 | r/R*(1014)=3.20 1.32e+09 0.45
 4.50 2.542e+14 4.265e+08 9.680e-16 2.13e+05  1530 | r/R*(1014)=3.60 9.28e+08 0.46
 5.00 2.825e+14 3.219e+08 7.308e-16 1.61e+05  1410 | 3.70e+08 0.87 | r/R*(1014)=4.00 6.78e+08 0.47
 7.00 3.954e+14 1.363e+08 3.093e-16 6.81e+04     -
10.00 5.649e+14 5.738e+07 1.303e-16 2.87e+04     -
20.00 1.130e+15 1.167e+07 2.648e-17 5.83e+03     -
30.00 1.695e+15 4.760e+06 1.080e-17 2.38e+03     -
local slope dlnn/dlnr: [-3.82, -2.78, -2.44, -2.25, -2.19]
Mdot(9 km/s, 1.4 mu) Msun/yr at 30R*: 5.744622830365109e-06
