label        Md    Ma   qdon   P[d]   a     dL1  rmin  rcirc  R_acc rmin/R rcirc/R
track       17.00  18.0 0.944   3.68  32.8  16.6  1.64  2.89   9.7   0.17   0.30
track       15.00  20.0 0.750   3.91  34.1  18.1  1.90  3.32  10.3   0.19   0.32
track       12.00  23.0 0.522   5.02  40.3  22.9  2.66  4.57  11.2   0.24   0.41
track       10.00  25.0 0.400   6.75  49.2  29.2  3.67  6.24  11.8   0.31   0.53
track        8.00  27.0 0.296  10.47  65.9  41.0  5.65  9.50  12.3   0.46   0.77
track        6.62  28.4 0.233  15.91  87.1  56.1  8.35 13.90  12.7   0.66   1.10
today        5.90  40.8 0.145  14.40  89.8  61.7 10.75 17.58  10.4   1.03   1.69
today_q4     6.62  26.4 0.251  14.40  79.9  51.0  7.41 12.37  10.4   0.71   1.19
today Gamma_e = 0.086
today Xs Gamma_e = 0.071
